5.154603
9.733705
4.761933
7.99727 
7.039015
9.474589
8.472465
4.08773 
7.092924
7.234104
6.200052
3.069438
.816086
6.653584
7.015353
1.587452
2.879008
9.453759
7.919331
5.562468
7.840318
8.009698
1.657833
2.540834
.713047
7.179716
.745455
4.843348
7.704101
5.616311
.822176
1.477431
3.713946
3.416217
8.262441
1.138435
6.940755
8.775416
6.9971  
5.357554
8.396133
8.87817 
6.165723
4.888162
4.979213
.117149
9.649251
.094444
4.350591
3.226982
4.36039 
5.014863
6.50164 
4.809299
.760389
8.265444
9.345508
7.749902
6.10385 
5.669633
5.750414
7.428984
1.103538
5.414839
9.592305
7.478927
4.082197
4.673916
4.91879 
4.422081
9.932465
1.806763
7.556879
7.041853
9.882607
2.073396
4.508882
6.26999 
9.773371
6.255801
8.275889
6.849085
3.304348
1.332348
6.414166
3.135394
2.219811
2.171344
6.131962
9.750388
1.80786 
2.971994
2.723391
5.531523
.863466
4.186998
4.25453 
9.007794
8.356302
9.500726
9.384039
1.175011
4.075738
3.607669
.870983
1.705857
1.877846
8.114091
.113286
3.460851
3.348328
7.571245
.843876
9.127992
9.448873
9.429136
3.484985
8.704302
7.603678
.536378
4.601226
3.906474
9.436357
6.216909
4.468933
3.061379
1.019937
2.101988
2.213927
8.144375
2.826272
6.963813
8.741306
8.766864
3.573955
4.939103
6.499487
1.68378 
2.705599
8.456468
1.973799
3.017237
2.168351
1.469531
6.790368
.601342
5.331186
5.944697
2.614334
1.578561
1.041205
4.215559
7.39413 
9.089202
5.267114
9.085695
7.919934
.782199
9.646951
9.401799
6.405393
1.029484
2.161343
2.008915
1.660253
6.988108
.732829
3.880669
8.401404
5.405244
1.495526
9.110962
9.565979
8.14073 
4.812902
4.888379
5.397903
8.524792
4.72228 
8.917361
1.939425
3.833505
4.628356
9.959674
7.312333
6.765346
2.962501
2.612811
8.938638
1.220465
8.377784
8.719077
3.45691 
4.444471
5.929352
2.177198
8.654739
1.231822
3.986672
8.969728
6.285916
6.549871
8.976056
1.05794 
3.112182
7.851197
6.188552
2.287545
8.230653
8.814315
4.396766
1.253379
7.470446
9.339869
2.387892
9.056702
3.373792
1.118857
6.146847
6.4015  
3.914742
1.768828
8.750309
1.480002
7.472341
4.05865 
2.216204
7.980555
8.591981
.26921 
9.238265
.635453
1.941706
2.597325
2.329142
5.500547
7.18233 
4.517207
1.320115
.549078
2.352227
5.656586
.243502
3.471338
1.245198
8.260473
5.537978
.872901
6.336112
2.388194
5.297469
8.115985
4.37666 
9.584115
8.888886
5.848548
3.401838
4.874782
3.494742
3.905437
3.466884
2.307917
8.766663
2.86718 
3.060115
4.713376
.233236
3.514165
4.860036
9.178823
6.888671
1.67249 
7.703546
1.739868
3.837094
5.380414
7.7705  
2.424529
5.907755
4.996793
1.81729 
6.95793 
8.836715
.223006
4.43596 
7.403525
4.346839
6.033401
5.045283
5.460003
5.184246
7.116439
6.030219
3.207509
5.613793
8.534816
9.68266 
3.330762
8.714048
6.706613
8.380573
1.754692
2.85739 
2.141317
5.598598
9.404319
2.545042
9.102365
9.440256
3.758902
6.518244
8.182547
5.164842
1.007868
6.929114
3.526795
1.596158
1.935305
3.66153 
2.091553
1.220906
8.962937
5.089526
3.512401
9.0547  
3.110284
3.090621
2.354243
4.94074 
8.341758
.260656
.383955
7.079189
4.849958
7.518591
9.999051
8.008115
2.884481
3.543771
.27857 
1.378027
7.20424 
.858024
3.12261 
1.367808
5.307721
2.999426
.175294
8.687487
4.668479
1.06222 
1.95423 
3.529391
6.683256
.425435
7.989525
5.443945
6.172976
9.281225
1.190467
2.730573
6.522965
2.948839
5.006525
2.595459
5.44914 
9.148746
3.021001
.088222
7.307523
3.333318
6.882707
3.257452
5.549348
5.002104
7.05538 
9.379291
3.419323
8.774407
9.482367
4.133379
4.29266 
9.821695
5.054233
7.831608
1.90101 
8.115018
.9912  
7.096964
2.894989
1.385789
2.048436
8.71761 
2.89726 
.380729
4.75332 
7.283375
4.510773
2.909132
8.196901
1.220591
6.976591
4.050095
1.068444
.811369
2.19332 
.532215
5.412208
.919569
4.925435
7.342291
4.67666 
1.197274
5.042831
6.529704
1.098043
9.577448
3.381943
6.963644
.928786
8.98111 
.534535
4.644463
8.097535
.804049
2.092227
3.447033
8.272682
2.905677
4.023396
8.311038
.800489
3.26926 
7.827763
7.585638
1.924187
2.268505
1.413808
8.464431
9.822355
5.636596
9.024461
4.385613
7.1959  
.243452
4.60669 
7.520463
4.112626
9.648423
5.065233
6.593776
5.022809
3.617495
.689408
2.178147
6.080367
8.04398 
7.206392
2.059383
4.095141
6.045648
9.808473
2.801167
8.812246
4.025912
9.069259
8.215082
3.816123
9.998075
4.76497 
6.156722
6.423842
1.127279
1.628236
2.936056
3.605583
3.01219 
5.542291
8.575432
6.265642
4.985285
3.739024
8.67647 
2.676127
3.38618 
3.84721 
2.459362
1.366195
.24602 
.4456  
7.611833
3.267005
9.874064
7.668659
8.382447
2.699905
3.179006
9.116388
2.921135
7.535017
4.61113 
1.098375
2.616297
9.179311
3.685285
.203091
2.091111
1.410232
9.60448 
1.026598
6.311505
7.978437
.284476
6.740373
9.013819
3.783981
.712811
5.187501
9.413214
5.300735
2.810051
4.017315
4.611782
5.899211
1.918467
8.856797
3.43151 
4.047257
.177618
9.113441
9.474772
7.757409
9.50762 
2.633899
.60151 
2.357309
2.377681
9.760815
.54616 
3.01755 
3.489223
6.090461
7.458217
2.802809
3.910241
1.722298
8.286012
1.459272
4.444431
3.610291
5.608341
3.657998
4.356148
5.59432 
7.043135
5.673466
3.308384
5.188953
8.903907
4.348359
9.526291
2.661479
3.752605
1.358307
5.936738
7.563996
2.805374
.648449
7.532525
8.599901
5.155605
2.128338
8.059339
8.852929
.967072
5.523392
6.955134
6.040391
1.076797
9.780961
3.678765
4.433477
7.183991
8.074001
4.874528
8.542898
5.020932
9.760935
3.132545
6.723117
8.791965
3.990512
4.101525
8.42307 
7.627952
8.820854
3.008244
7.36707 
7.484944
2.95177 
5.415036
.230825
4.468758
.096254
7.44059 
9.743833
9.860122
1.276159
5.769623
7.476969
2.363684
7.280062
4.374573
5.002665
1.692943
5.591701
7.790315
.671432
4.223459
6.797732
2.08338 
6.222394
7.587006
7.330851
4.015712
8.047657
5.32323 
6.448031
5.320485
4.521174
9.67402 
2.882514
6.776704
8.891733
9.7414  
7.878678
8.392742
1.503671
7.89021 
.271601
7.732455
.223772
7.990161
8.445426
9.120155
4.352601
.742403
.706554
3.365814
6.067321
2.636346
1.636684
5.207317
.774643
8.358241
3.156857
9.176713
3.302047
.231761
2.048603
6.782645
8.019553
7.655815
4.773446
8.163028
2.543247
6.161145
7.802916
1.243812
3.332994
1.273622
1.762689
6.626224
3.714991
7.929723
4.056453
4.201714
6.214398
7.067912
8.00808 
8.669407
1.222284
6.709962
8.156464
6.44804 
9.92321 
2.08633 
.653443
1.299773
9.798141
4.620936
9.2892  
.338172
4.087295
.713864
5.621255
8.202348
4.555186
7.050368
3.734805
2.056938
9.680646
7.297479
2.227977
7.425476
6.036571
9.169716
1.244132
1.546783
7.44484 
.898379
1.651829
9.524387
3.192831
6.036978
4.927416
.021121
1.72584 
1.71327 
6.564042
9.038772
3.814995
4.789867
8.193677
9.361579
.937578
2.637593
6.229779
6.872476
7.325775
5.012708
5.306879
4.151963
.264355
1.248344
7.30529 
7.152528
4.663498
8.387825
6.56872 
2.492849
9.730344
7.523369
2.731296
8.583644
2.127171
8.720439
5.045286
4.620713
8.763376
6.128683
6.512703
1.404004
3.064898
5.569254
1.073391
8.790534
4.060167
2.854487
1.559422
8.569597
4.750193
8.397884
7.259963
6.541874
7.152774
1.145308
3.896147
5.07415 
2.071341
.039309
4.132701
2.353741
.096878
3.008045
1.38311 
6.354426
4.845117
1.839982
4.074355
2.414951
4.034311
6.944627
.834577
8.22636 
2.991624
9.888424
9.456497
9.372654
3.271513
4.891691
1.664543
8.36995 
4.146704
.859649
5.759711
3.233795
6.984042
6.048506
1.76172 
3.068732
9.20384 
.667441
1.03984 
3.901931
9.962566
3.687303
5.285791
4.142042
4.837047
3.291655
7.112364
2.781373
2.96305 
8.709483
1.628665
3.447108
6.674323
2.493637
1.326539
8.965175
6.8979  
8.906509
5.648558
.930595
3.37913 
5.545127
7.668979
5.985969
1.639719
5.886903
3.898299
7.247739
1.779002
4.908849
7.719431
1.468093
1.249596
2.451109
3.552093
8.890858
9.99995 
9.506171
9.378568
2.21464 
5.996332
3.291741
7.844775
9.939565
5.109389
2.492324
4.960552
3.778515
1.917131
7.632877
1.765518
2.454356
1.527093
6.400433
.33628 
3.455031
6.867216
.496649
9.94527 
8.758828
2.266195
4.772708
8.079425
.706175
5.822933
8.294693
6.744088
8.487858
6.110375
.411813
8.488965
8.452019
9.927184
2.823434
5.106955
3.973905
5.745126
5.690199
5.266789
2.248056
7.394182
.153226
4.730922
1.877736
5.273356
1.450033
9.999224
.107125
3.927099
7.836626
1.88209 
8.446491
9.52989 
6.115006
7.691372
8.742833
1.246183
6.248658
1.343944
1.073039
8.19397 
1.855656
9.68537 
.230933
2.675873
5.433002
7.478695
9.619211
6.131049
1.912512
8.695555
4.972602
3.832079
9.750635
8.104768
.134467
.306775
4.565758
.367445
8.020101
9.105768
6.792132
.562453
3.894393
5.047288
6.344124
7.603345
4.628883
3.912902
.901152
2.245719
4.121188
8.07815 
1.844119
3.61662 
5.535182
5.340028
4.389971
1.048374
1.968887
2.924014
5.452371
4.031266
3.230986
4.05572 
2.34317 
6.240956
3.441357
8.49859 
2.997927
8.378159
9.671649
6.255733
6.107763
6.074794
1.018145
.213923
8.197952
4.100052
7.647959
4.484179
7.950093
2.049666
6.365973
6.155217
1.458973
.711617
5.826322
8.37208 
3.89321 
3.591568
7.226362
4.441612
.210472
1.665159
7.846634
1.833122
8.334484
7.424745
4.884102
6.390776
9.898214
8.681153
1.499866
4.301032
4.579075
3.718393
5.050376
1.063035
.139419
1.992206
5.277558
5.392909
2.47395 
9.854103
6.145419
7.855336
5.107289
3.677263
7.349906
5.947945
8.780354
5.320464
3.974796
9.779945
9.807848
8.899836
.568336
5.561859
.458404
.930212
9.14088 
5.620578
.361371
9.936336
7.41206 
9.721931
4.596004
.638538
2.304137
2.651787
.70367 
2.644523
2.125893
4.028513
4.023533
5.656104
5.54201 
8.554429
.128853
6.147643
9.281935
4.318829
6.093055
1.514447
.11637 
3.336463
8.021702
9.223246
7.819349
2.989823
3.844782
9.516964
3.943619
6.457128
5.165773
8.927024
3.441733
4.572228
.17687 
1.230833
8.44721 
1.42486 
.918769
1.588712
7.839423
9.572381
4.971435
1.735977
9.748298
1.507985
5.656873
2.294704
8.301449
4.983849
2.37233 
.87983 
4.948826
4.962925
1.741121
5.874962
4.408814
1.257229
5.768986
7.725278
3.310186
5.173464
3.343266
4.074012
8.231375
3.2059  
3.847725
6.335258
.723733
2.93724 
2.362778
3.547194
.955344
8.508135
.306088
1.79162 
3.867248
.352712
6.855551
5.797578
9.203246
5.285484
1.263074
4.488608
2.680159
2.389556
8.190271
6.377356
6.018735
6.505447
7.63521 
9.768177
9.560644
5.401765
2.467872
5.983181
4.452841
4.964599
4.802073
3.609915
4.323421
.827183
2.909814
.505563
9.522046
6.69863 
5.46423 
4.493255
9.558088
8.907526
6.546348
8.424913
1.588094
4.645437
2.093967
2.289786
4.367413
2.756841
2.626925
6.441012
3.836621
4.019694
3.654921
8.925797
9.702701
2.154284
8.492709
2.712029
3.677305
4.497583
1.627408
9.061288
.859426
.978356
3.151165
1.221993
4.456888
8.807631
.710101
1.769361
2.991828
8.125911
6.4929  
6.5318  
5.670332
2.125307
9.303699
4.014481
1.873777
2.589885
5.317779
.661945
8.820637
6.249901
1.002798
8.892006
5.399436
.976495
4.207983
1.073169
2.673807
2.734623
6.633512
2.377682
1.278816
4.94008 
5.163516
8.258608
5.123643
4.414591
8.780062
6.818693
9.125105
2.344726
1.498033
9.680935
6.44    
8.948601
1.251006
.603015
2.27873 
6.02889 
4.853958
4.455726
.227436
6.725233
1.483564
3.18996 
7.563798
3.334393
6.014113
4.092504
7.764563
4.817777
6.16256 
3.108124
.743466
.858104
.759337
4.748715
1.700326
6.267222
5.828279
8.392253
1.162917
.952893
2.468969
9.880408
1.251953
1.842568
4.617341
7.083146
2.489566
.010915
2.919161
.726721
1.022107
4.687067
8.615105
6.35958 
4.333318
4.448397
4.232945
5.705348
1.606981
2.300177
2.688663
1.080714
2.936561
7.671722
3.932059
8.02388 
9.351093
9.928432
9.456846
5.848248
2.741239
7.665583
8.713083
5.062043
7.679867
9.973275
3.561528
3.421297
3.954729
5.876971
3.01388 
9.677455
3.483368
8.963553
2.138239
9.618038
7.222062
7.380109
6.324957
4.64201 
5.900426
5.008514
4.531261
8.086525
8.029903
4.603196
.350683
1.255147
7.569173
8.344452
3.954564
9.28637 
6.773421
6.370404
4.069131
6.922386
9.982137
3.492916
1.089998
9.728785
3.220886
8.210948
.921688
1.404087
.063214
6.142786
7.705753
4.267409
.755908
7.75133 
9.902875
9.584247
2.29684 
3.653127
2.462097
.430915
8.74979 
2.983935
5.139897
2.660942
3.325527
.399884
2.419028
8.938006
2.142142
8.327195
5.675546
.385405
8.730429
.366742
2.129473
8.997876
5.411897
9.646149
1.116908
7.7142  
1.985862
7.973204
4.577908
7.277992
5.100691
9.919544
2.21288 
4.685569
5.136725
5.376242
5.378224
.038456
1.056567
6.348701
2.885857
1.905047
9.162784
5.563202
5.051353
4.484999
5.058862
3.520689
6.790661
3.231098
.106335
3.665346
.601223
4.7977  
8.499068
8.263177
3.22286 
7.741025
1.745274
.301455
1.983605
3.942386
9.138095
9.807286
.751646
9.193541
2.806779
5.054847
7.022478
9.803608
1.658141
5.437916
3.067919
7.5801  
3.362998
5.300275
4.358253
7.013809
2.41813 
4.213427
6.87846 
9.617214
.299653
7.924759
6.055627
.055281
4.912826
7.106857
7.631578
.954398
7.730689
1.026934
3.489199
1.021756
2.251908
1.171188
1.806858
.721386
4.330068
2.363388
4.594634
1.89407 
.245345
9.300544
.476436
.504035
3.328066
4.659473
2.816025
4.80077 
6.848406
8.499585
4.298389
6.402722
5.843611
3.661384
3.301592
2.97463 
4.880434
6.573953
1.616764
9.308059
9.556172
8.492114
4.319865
5.152831
9.306426
8.458741
2.510937
2.276637
9.182461
3.929608
6.934366
.481781
2.164808
7.175215
5.640079
6.376702
1.73251 
5.153575
9.699363
4.924925
6.05995 
9.290697
6.066798
2.65051 
7.299566
8.767725
.620536
7.498864
7.423137
2.289428
5.71063 
4.141814
3.354253
7.375222
1.609758
5.535512
1.889479
6.651505
6.550714
4.91387 
.652382
9.469819
3.18943 
1.507291
3.107646
8.660668
5.582159
5.071113
.881607
2.541763
8.199949
9.599879
7.958241
9.551087
4.079337
7.266399
3.543598
5.264695
3.032545
1.298039
1.16107 
8.004248
8.715807
.594086
6.318065
2.27003 
4.669442
3.525931
9.369797
2.212989
1.255081
4.359055
8.633273
.491338
7.759333
4.019506
9.824245
8.859875
9.700699
.067428
5.780972
1.611222
5.654072
5.767566
5.14293 
3.00994 
1.451   
1.073034
.161644
7.053564
3.787659
7.593678
8.704946
4.749208
1.243596
7.261947
9.254392
6.826496
7.462363
.987806
3.273679
8.331924
4.242743
4.503359
.559022
9.360716
1.627012
7.254652
8.81339 
4.448092
4.870059
5.00093 
4.84973 
4.170553
2.107563
4.814439
3.017706
1.902014
3.201263
4.719903
.99783 
6.277206
3.943753
.856946
1.250456
4.596243
3.02419 
.68486 
6.6926  
2.768335
5.387051
.180861
8.40516 
7.361575
1.492077
4.014805
9.000209
4.107823
5.740149
1.786798
4.557973
9.232413
2.611861
2.632194
7.613106
2.919014
.671262
7.24617 
4.505979
9.626626
8.180638
9.268224
7.553722
.892316
1.915065
6.232023
7.326283
7.505691
.042166
8.346049
.144169
4.119382
6.121137
7.644086
2.135031
2.498651
6.703777
4.59615 
5.348909
4.946148
9.053618
1.696527
7.704749
7.503978
3.986574
3.713204
4.329806
1.449676
8.089221
4.344077
2.327892
8.081367
8.760794
.900265
3.168408
8.973816
6.716435
9.919964
9.576748
.710033
5.607874
9.29915 
.741571
8.799926
4.335822
9.824134
6.215306
1.353327
6.781505
2.070086
6.671498
9.644804
4.274857
2.413097
7.148919
5.733564
1.824968
4.789279
8.052667
4.104854
3.305557
5.23906 
5.530221
5.084117
7.382272
9.501083
9.851436
6.607744
.754541
3.898127
6.680218
.6524  
5.270667
2.542482
3.43682 
8.812595
6.769736
4.545604
3.916781
5.595399
5.259066
3.197245
6.911974
8.598284
9.781015
9.707285
1.360017
2.53418 
7.384818
9.920501
8.389528
5.848622
3.061848
7.290235
3.631247
3.840771
8.220696
8.580143
8.372663
7.354564
5.770532
9.206791
3.26765 
7.887897
9.294171
4.571846
6.204372
8.197371
4.757369
4.31072 
4.060579
.203157
2.917101
7.718483
4.668157
1.604957
.504661
7.322401
5.284667
8.814498
2.738743
6.403112
8.487249
4.70751 
.169501
3.001411
1.976056
7.442322
2.653944
1.628418
5.159132
1.452423
3.092177
5.865629
9.282983
7.24725 
2.889428
8.20156 
9.147453
.788444
4.343692
6.347696
7.350088
2.300689
1.245466
1.669229
7.509269
6.999102
.670782
9.195474
8.851399
2.787642
7.060715
7.313988
9.496335
9.864482
8.900765
4.769172
8.432695
9.14868 
.633984
2.733217
9.191653
2.95914 
3.05488 
8.035835
3.38078 
1.496002
2.101203
7.112736
5.40203 
6.515819
7.116367
2.549307
3.245427
5.54422 
3.921266
6.660375
5.363083
2.285702
1.247281
7.238185
8.712857
7.394557
6.372373
9.18199 
1.254633
3.488891
1.778083
5.090728
2.944035
5.592496
7.168344
2.806085
6.160511
.950178
8.094248
9.929336
2.254126
5.667035
1.103424
4.691561
6.876662
3.610654
1.068505
9.866867
1.715671
5.590831
2.353707
3.057492
1.189928
3.730489
.106254
.547689
2.90476 
5.143553
9.206404
8.000644
4.827349
6.964823
8.345768
7.238155
9.646731
4.589335
6.010707
4.261585
9.460998
8.774275
3.898794
2.930287
.805617
.107388
7.028697
7.088092
2.072584
7.252581
2.053207
9.942876
7.799975
8.565972
8.150649
.439304
2.726535
5.64826 
.722902
3.65715 
8.16172 
.812313
5.026254
9.102412
4.422887
4.222299
6.414477
7.330731
5.692374
1.094658
7.578179
.099062
9.190625
9.284676
1.221507
9.287343
9.133155
.080017
3.336568
8.848755
3.320074
3.957136
6.895659
8.139197
2.154827
2.137048
8.752749
7.712302
3.855442
6.478741
6.131145
5.697255
8.669652
3.256497
.126628
6.495495
6.743949
7.126454
2.464427
8.021119
8.462869
8.798194
8.763161
3.764743
7.808003
5.549267
4.485782
4.649748
7.971013
.797027
.172879
7.923526
6.205826
4.66046 
1.290313
3.50202 
8.95611 
9.471426
8.694331
6.533683
5.008928
.414447
2.167062
5.437731
4.271478
2.23411 
.527898
5.635433
1.794095
9.372764
1.046124
2.168435
4.743394
1.925176
2.385098
3.05481 
.216733
2.323731
2.996601
2.057007
2.06075 
6.501025
5.640375
2.768106
8.166261
8.468991
3.708514
8.657533
6.021639
7.069141
5.844501
.861787
9.854338
3.098321
1.690989
9.929567
5.711258
6.718948
5.512005
.862376
5.657824
8.103104
9.728186
2.258106
6.530442
2.385502
4.596159
9.643596
.151403
9.927395
7.042234
3.456752
2.435992
5.502065
2.263925
.237873
4.309004
5.458845
7.240641
2.79008 
9.769729
1.009904
9.213612
5.464809
6.428361
1.751963
3.14169 
5.872306
5.979741
4.213822
6.544044
.529354
2.374129
5.161112
8.182134
2.612181
3.854757
1.806766
4.975795
.496245
.909046
.010158
2.538251
4.605491
4.294852
9.429616
4.694754
3.292058
.52313 
8.621653
2.2619  
1.320406
1.730709
8.44671 
5.591611
.578222
5.710681
3.879716
8.790164
1.041875
4.870313
8.497661
6.561112
9.804061
8.069496
5.627855
8.255249
3.798463
9.881398
4.565529
1.122427
8.011235
5.873405
9.799023
9.088722
4.23145 
9.39201 
8.357227
2.862459
5.932837
4.609077
1.608458
1.684369
4.621601
9.245999
2.100938
.088746
3.136213
8.319219
2.556076
3.01385 
4.571994
1.877219
8.67074 
.53733 
7.020098
6.485304
3.213439
3.048965
2.548329
.576196
.051224
2.088053
.739718
2.808315
6.246924
2.335634
7.03939 
2.919742
9.936176
2.90704 
4.988444
9.081538
8.594697
8.662344
.963836
8.827164
7.453925
2.20324 
1.053552
2.836108
9.8894  
9.51162 
6.538527
9.165112
3.539314
8.707548
4.01212 
2.176567
.831858
4.443139
3.894776
6.882782
.698277
9.054203
2.533895
8.669045
1.16792 
6.94653 
1.37463 
4.02584 
7.433756
8.358309
7.873713
1.31178 
9.657581
7.542122
5.936265
6.063424
8.224076
3.242301
6.727462
6.550148
5.941812
7.039174
7.345645
5.906785
3.42367 
6.011155
2.145185
4.397548
9.239443
4.338942
5.366075
3.781191
1.387935
4.680661
7.306231
.138387
2.346033
8.106228
8.215174
6.156059
9.034352
1.249979
1.173359
3.207717
3.4859  
3.039092
5.131244
9.125305
9.091187
5.184709
9.711532
7.383805
7.157054
7.798337
7.467008
2.404993
.3526  
5.303706
9.771846
6.329173
2.603275
2.95875 
.799627
4.206095
9.834208
9.059807
3.522388
5.932017
6.322209
1.825432
6.058665
2.253835
4.637412
9.310707
3.502651
2.077833
6.283909
7.632432
6.603296
.10283 
9.25469 
.37286 
.663725
1.07026 
5.612745
8.064095
1.450295
3.307006
6.771728
9.648574
.396519
4.990634
7.477862
3.151164
2.079083
5.047928
9.062608
.574456
5.502076
7.726416
3.992109
2.298526
9.589917
7.412549
.516306
1.506343
.654384
3.197433
2.60416 
6.020936
5.778949
.127326
6.584044
.605612
7.320702
6.297895
6.583977
1.33415 
5.029566
2.064521
9.705522
7.021989
2.645308
4.28958 
.016436
6.838306
3.643409
5.056942
8.168031
.811403
5.148276
1.46468 
2.769045
6.225157
5.689495
8.513164
5.021512
6.788738
3.107581
2.064176
7.611648
4.742476
1.91432 
.548163
6.365265
8.774003
7.82139 
4.287801
2.226491
3.062166
6.003864
2.187394
.51934 
6.46465 
4.434271
7.616707
1.840839
.099004
3.176898
.868064
6.446647
2.519164
3.841572
9.257534
1.309165
9.343197
7.92694 
6.652117
7.423961
4.145247
5.261217
2.340012
9.647664
1.91606 
4.632591
5.93812 
3.409716
2.792319
8.897037
5.456944
7.200957
1.762501
1.953894
9.466423
.706509
4.150518
.205329
3.185025
5.562615
8.565813
.819758
3.500147
8.70801 
8.26734 
3.584635
.069792
9.362071
7.175889
5.722038
9.134473
6.252781
9.998874
4.950651
7.766875
2.486201
8.958299
4.389301
9.646693
8.927305
9.540332
1.222387
2.82012 
4.504714
6.064885
7.647547
9.230152
9.461914
3.06854 
.991356
6.59803 
5.223303
2.549223
5.929884
3.510828
.017960
.737567
8.498652
4.896466
8.603823
1.458212
3.78536 
5.798141
.658859
5.617892
2.732943
8.635402
7.703229
.325099
4.968866
1.593105
4.292095
3.769719
5.730256
7.85262 
8.780278
7.540241
8.076778
4.783234
2.588884
9.356357
3.033986
4.479294
4.944448
3.394569
8.811619
.267211
.174665
2.373481
7.042472
3.346053
2.363004
2.900048
7.025921
7.641919
4.433813
9.565675
6.912751
2.815422
1.606749
5.706811
4.479901
9.620646
5.320414
2.919609
6.409336
5.867767
6.108039
4.587046
9.976032
8.239139
1.382911
6.055517
9.045499
8.625778
4.095298
6.180902
8.863022
3.964779
6.731532
9.223821
7.852796
3.343286
1.851737
4.108234
7.818121
8.696648
8.193104
8.714936
3.787124
8.321118
3.098177
2.985184
1.499098
2.12293 
7.539861
1.471835
6.146886
9.647324
4.463123
4.23424 
.854242
.550137
5.521765
3.11707 
5.387854
5.56709 
6.084123
1.847354
.358287
1.093779
2.29682 
8.43508 
2.079783
8.620017
1.530969
.760358
3.733119
2.619602
.533782
1.57834 
5.289093
1.293562
2.088796
4.763349
4.675637
4.503489
1.456446
3.648245
3.097341
3.654423
2.028346
4.321465
7.11358 
3.700164
5.529853
1.676185
.836658
1.031322
.060781
7.398348
9.207445
7.084203
3.658105
9.127992
4.661788
8.131042
2.082036
7.857691
8.463085
6.691193
9.911124
.944071
7.712315
8.310458
1.917926
6.934682
1.839269
8.975866
3.525851
1.708634
9.176217
3.621776
7.995907
9.013457
1.515308
2.490666
6.207738
7.354073
.820155
8.778796
1.197227
.993891
.423228
4.789056
5.095918
.050780
6.938376
.401498
1.479621
9.23285 
.857245
3.9386  
7.845284
2.328305
4.191578
9.501721
6.363042
1.028554
4.729974
3.084393
8.505732
1.055441
8.87715 
1.38985 
1.0756  
1.360423
.31651 
9.108341
2.928572
4.453651
9.734214
4.655642
3.83952 
6.887307
8.866709
4.954852
3.078634
9.448171
4.195184
8.872893
8.039886
3.432475
9.686357
8.32849 
4.308029
9.578038
7.923628
5.886594
6.770864
9.859612
8.850211
3.995277
1.533127
7.263176
2.212433
8.730527
2.743785
.572353
2.457415
2.738816
6.239767
7.185101
1.977477
.489391
7.742971
7.462778
2.968223
7.412561
5.96262 
7.668163
1.191791
4.392853
9.626477
8.03763 
7.592638
5.308374
5.663371
6.309649
9.501007
1.000159
5.632635
6.059928
6.937651
2.770391
9.199785
9.668078
5.753994
.286947
8.000237
6.721635
3.286281
5.969917
2.015933
4.323661
2.999135
2.997972
9.64516 
8.563582
8.740216
7.657473
4.044717
2.667586
.452018
.000511
9.59887 
9.8664  
1.333076
.265713
9.828622
6.774396
4.088751
9.605264
.269462
6.826175
4.229676
3.219494
8.044937
1.541844
2.725987
9.464882
.356461
8.97133 
4.880667
3.413274
.017367
8.613659
4.679015
2.236505
.001746
8.025034
3.632854
7.617441
8.985442
.587673
9.767628
2.328548
8.045807
7.633103
4.608434
7.105832
9.250991
1.879664
3.649988
.118519
2.325399
7.553103
4.833153
7.970534
4.420123
9.475087
9.651718
.372776
8.711823
1.997265
7.362553
6.80313 
.063138
6.208802
1.506262
4.516225
6.99024 
9.086908
4.335492
8.722491
3.202255
.186561
3.263858
7.402284
3.491057
5.410194
8.034951
2.098023
2.681333
6.996906
9.949119
8.605851
9.685054
7.803485
4.978507
2.116153
5.37176 
1.367586
.155782
9.87058 
.359129
9.852121
5.126791
1.201633
5.463027
5.420163
7.741957
7.439902
8.933334
8.329184
6.909358
3.453374
5.339427
2.405562
8.934037
1.676184
7.131348
7.921099
.33769 
6.142248
2.739429
9.220315
6.810777
1.072799
2.711013
8.873553
1.302536
9.217876
8.567449
2.776755
3.345635
.614689
8.198212
5.003607
2.846403
3.700487
6.013623
4.01147 
9.206948
.099378
9.75743 
2.793107
4.524077
5.175059
8.130136
4.640968
6.93315 
.155409
1.016461
5.389127
5.635074
4.342147
2.618665
7.053563
4.690729
3.101358
9.351267
7.77249 
8.656073
7.017022
6.464926
8.20562 
2.51791 
6.001098
7.34959 
.77985 
4.18569 
7.122033
9.734545
.253277
3.265419
.825229
3.821296
9.893203
1.45128 
9.775859
6.497723
.032738
6.763686
1.126259
5.286345
2.113361
3.152796
8.936418
1.564358
5.952143
6.308345
2.929228
2.331279
4.452714
8.087952
.050819
7.566927
5.5619  
3.185369
8.748936
.501201
9.232601
5.987206
9.334064
9.815158
8.594705
5.342805
9.094335
6.292167
2.017511
4.751271
.693568
7.542278
7.181111
4.573272
5.690045
5.322422
8.407962
1.706194
9.572904
5.046743
6.160824
9.173819
8.454793
1.838509
6.036924
1.432391
.371732
4.557865
8.302425
5.849767
7.37634 
6.115396
2.753981
8.122269
9.21463 
2.620573
5.336772
2.595135
5.731077
1.600971
9.186375
8.96859 
7.853371
3.836891
4.378359
4.341967
6.811416
7.581477
7.566236
2.967258
2.192164
2.513392
6.402455
8.203597
8.318544
.873658
2.965103
4.810034
.866958
3.862618
.276005
4.001734
2.895181
9.493843
4.612259
8.391095
9.448338
7.411919
3.696827
7.633562
9.155099
6.405907
5.434056
9.021024
4.013857
4.539513
7.140255
4.533596
7.049989
4.747017
.060934
.029588
1.483005
5.162202
1.660456
6.631221
6.430379
3.77581 
8.156173
7.789924
9.17912 
2.769914
7.260071
5.787423
6.188296
1.435376
.787706
9.479552
1.884948
3.810775
8.73564 
1.362747
6.45767 
9.576521
5.768777
8.639072
7.504026
1.696125
8.056536
1.660593
4.055816
4.503369
2.274975
3.556201
8.345582
4.431836
7.255457
9.078929
9.451915
6.083183
7.885633
8.361511
4.67527 
7.642237
.503834
3.834458
7.045858
5.681955
5.627732
7.611235
2.467144
1.458593
8.818906
3.283716
6.879609
3.679065
1.804502
1.248525
9.388049
6.015393
9.147712
5.503813
7.02802 
3.518508
3.083028
2.732179
5.709846
2.092652
6.310171
1.642124
3.177291
3.455074
9.806349
2.597118
1.390149
2.919363
3.186001
9.664333
8.252654
7.031364
4.296544
3.593565
3.077128
1.780855
4.72595 
4.668798
8.378168
6.076415
.738883
.183066
8.009124
2.8681  
4.96099 
4.715712
5.979604
8.056912
2.382281
3.592151
4.853271
8.717234
7.912399
2.108052
5.282424
8.066442
7.085007
6.110098
6.152602
5.65867 
.817501
9.49883 
9.228437
1.402482
7.339976
5.66517 
6.898983
3.162415
9.871729
6.923768
2.971604
9.920217
2.831924
7.690924
3.925993
2.402769
2.767933
8.738537
8.771452
7.605213
1.37132 
7.219764
1.805176
9.846535
9.855482
.69238 
3.035837
5.352918
8.900806
.742106
8.713499
8.007009
2.520178
9.070462
.315149
2.474407
7.947307
1.030825
8.251778
5.018914
5.910184
8.196446
6.572236
5.637684
5.874161
.075627
5.688137
6.378956
1.071421
7.832207
7.349814
.753894
2.923222
1.812213
5.708276
8.924672
.137865
8.173047
4.768899
.923481
3.627654
4.699755
6.601915
7.713185
9.613777
5.806764
5.379315
3.20223 
9.213787
8.408502
.258426
8.334492
1.226504
5.855888
4.425147
7.05712 
6.086561
8.373285
3.01496 
5.922379
5.840453
1.063011
7.40372 
8.626814
6.705649
5.54052 
5.447289
2.316135
5.120203
6.025229
5.244175
6.036588
7.405512
4.198141
4.882318
.67726 
7.945926
6.233747
4.913353
1.335931
5.549738
.991162
2.578075
4.294742
7.4716  
9.508404
9.24453 
4.310343
4.691761
4.715923
9.959966
7.094296
2.369071
5.11172 
2.550434
6.187386
.569771
3.176947
2.391918
8.021412
5.601212
3.642275
6.178633
2.895938
3.495781
2.044131
2.783963
5.401813
7.388697
6.944285
4.818954
.830962
6.712965
9.895445
1.486862
.244666
7.474942
9.993184
9.432816
6.93669 
4.804848
.106353
1.030729
4.596367
4.724525
6.698398
8.406219
1.836708
1.569469
6.282242
8.298662
7.301542
.998728
2.959154
8.170041
7.395661
2.053568
1.816817
2.458086
3.169198
7.582731
3.753796
4.336164
4.469943
2.086948
8.765366
7.29453 
9.58322 
6.386045
3.10973 
2.48839 
2.446427
4.860916
8.585287
.555302
5.166991
.442507
.904568
7.686385
2.012641
2.013807
6.313709
.461028
2.608717
4.056573
6.589684
7.353802
9.336512
3.870835
9.955444
7.602872
.084541
5.696788
6.706233
.185378
8.777114
8.987782
1.630911
.503317
1.795372
9.195699
3.204259
2.094359
.288642
9.156216
2.134303
.667397
1.36445 
9.735495
5.679528
8.311924
2.458332
9.630708
2.703052
7.006962
8.613657
1.084609
8.963293
9.040211
7.830626
9.371732
6.373297
5.025317
7.164052
7.555311
.357855
7.934996
2.145133
4.608021
8.552767
5.852421
9.535636
.915425
2.819355
3.705993
1.354367
9.349634
9.829608
4.162948
8.960817
1.587936
5.773895
4.837052
6.054678
3.021393
8.230399
.986885
3.771627
6.956889
5.511339
2.064192
3.344079
2.0521  
8.716821
1.08079 
3.275722
7.880263
7.311743
1.982571
7.827316
1.143702
3.809163
5.158743
7.794774
1.530862
1.798171
9.906366
6.256158
6.600248
5.091124
7.210632
4.925103
1.408688
6.111938
9.156189
6.651785
7.68361 
4.399018
4.630777
1.288589
4.686433
1.265378
.049679
7.685163
9.977469
8.07036 
.677662
4.306401
4.307272
8.526538
7.436743
2.038126
9.768647
7.242878
6.769321
.094239
3.187063
3.730958
.10587 
1.495278
1.598711
6.228847
8.630212
1.523902
7.329488
9.851103
3.079474
4.319041
9.282182
1.917674
1.595108
.109124
2.595301
1.691538
3.569783
4.710052
6.180613
1.482358
.261625
1.205752
5.485923
3.220789
7.616339
8.550045
4.226554
1.148874
1.380989
9.265129
3.18781 
6.029337
4.67357 
8.946596
8.329057
8.85333 
.346843
2.40537 
8.324717
5.036268
2.616576
.117763
2.717864
7.780803
3.178487
.990278
7.962379
9.148093
7.86841 
2.232073
8.179771
5.292601
8.470018
7.109784
3.061387
7.365474
3.641669
8.327499
2.280765
6.376873
3.548898
2.171447
4.483943
4.460794
5.911753
2.784708
1.459564
2.666498
7.528543
5.228728
2.767794
5.160562
7.944229
1.969867
3.772297
9.194141
2.581404
6.155595
7.210698
1.831304
9.959631
4.341285
9.300083
8.69836 
1.35246 
8.212385
5.445343
.093333
3.990951
4.654851
6.242002
8.635811
2.289996
8.66275 
1.003803
7.026219
5.899535
5.049628
1.740548
6.022358
3.474332
3.767231
4.457341
2.935429
2.400602
1.441752
7.551824
2.473027
9.087421
2.408519
9.007   
4.309181
3.43666 
.279144
3.164494
4.481975
8.312769
3.980802
9.032772
1.838605
7.54618 
9.11801 
7.970909
3.029444
2.312747
6.149984
2.454572
6.041123
4.656999
6.645412
9.393836
7.676142
6.160517
1.999537
2.982231
2.536722
9.850459
8.308681
5.590021
.709064
8.390739
8.758153
3.625875
.138244
7.311171
2.846136
1.525589
6.872964
3.894586
.528402
9.429472
9.475228
7.181386
7.84982 
5.812476
1.701563
7.61338 
7.070689
3.050171
8.08583 
.940764
6.037463
8.368967
2.929218
7.400493
6.805423
4.480612
5.544045
3.242274
8.139293
.088255
7.074144
6.867634
2.491548
.511475
9.670007
9.664199
2.37154 
5.556164
5.935775
9.067539
.431796
8.027225
8.334842
1.895671
1.01447 
4.689685
2.046151
7.455351
1.646754
4.693563
1.562126
4.372404
7.680101
8.017141
4.685012
7.08873 
2.953616
.817848
.25444 
5.869947
9.584487
.459493
.72575 
3.989762
6.980424
9.046438
2.447571
5.285359
3.108649
8.387874
4.136584
.995658
6.003676
.935993
.322439
7.889558
9.653001
1.808113
3.199929
6.668644
2.826325
8.460215
4.281343
6.954855
6.02394 
1.08335 
2.640153
4.929503
7.385453
9.645117
7.35962 
7.751071
.413205
5.110398
9.60511 
3.105249
6.468597
1.19611 
1.671353
8.110161
6.025803
6.0339  
4.582333
7.844512
2.34528 
.715642
7.329129
5.662772
2.275634
5.925019
9.366041
5.811863
6.748689
7.607239
6.98951 
7.392401
.516087
7.117446
8.940947
2.576913
.274609
8.124437
2.570607
2.09741 
9.016091
8.283231
8.368829
3.315492
1.708676
1.767378
3.42937 
7.665616
9.861095
9.92641 
1.930651
3.241208
9.974738
9.601352
8.390634
2.55885 
1.498439
6.24542 
5.771035
4.044494
8.106205
4.668605
4.611534
5.537131
1.710335
9.478162
5.746425
9.793896
3.041704
1.6809  
6.834306
1.732149
8.445827
7.642497
4.109057
1.731955
2.454326
2.687991
.2556  
8.029563
6.72649 
8.946313
2.877241
2.58549 
4.627438
2.876694
3.309822
4.321214
7.234044
5.395545
3.906905
.734811
.015926
8.803379
7.917071
8.469502
.565769
9.419625
1.304747
2.721997
8.039965
9.889556
8.518502
3.288318
5.402475
9.042378
9.407714
1.543167
6.507384
.264256
4.645385
4.461003
9.486397
8.953791
.546152
4.855981
5.820698
4.892272
4.275368
5.102572
2.262289
2.040123
3.189844
5.121804
9.765608
8.127336
1.071282
7.910292
8.616105
4.443513
7.740983
9.559957
5.345936
4.7774  
3.648423
2.688122
.826709
.796485
8.947311
7.891346
6.12472 
9.894422
2.227868
6.341104
.738656
.746006
.479963
7.260183
.80291 
5.082266
3.342134
6.073118
2.636541
1.000908
5.744787
9.629828
1.355247
1.288148
3.575847
4.794637
1.083861
7.957385
1.046364
1.49531 
6.428665
.040137
4.491688
6.819861
.609846
.924875
8.935335
.211704
4.055042
4.361523
9.63137 
9.893938
8.465609
7.076028
2.451346
2.345212
4.543672
8.020939
1.234797
1.751834
.807229
1.24759 
8.434186
7.230486
3.688684
2.840774
9.688684
5.397132
6.995194
7.928695
7.369669
5.580064
1.80804 
.057486
2.063214
6.844959
2.237284
6.93189 
4.860849
.661542
9.195615
5.189605
8.41436 
8.014947
1.292804
6.33805 
.016066
2.406758
.607168
6.513934
3.739686
7.770196
6.979246
4.579078
9.610496
6.715868
.694937
8.581025
.850123
5.421409
7.424644
7.940424
5.939556
5.285438
2.073848
1.332515
4.472929
2.251035
4.023041
7.684721
2.914532
3.140871
6.969867
5.165668
7.856857
1.905376
6.699008
1.102248
8.194117
6.611417
6.741991
3.772449
6.996727
.57586 
1.15773 
1.284899
6.447226
1.237601
7.208837
9.452889
8.712026
1.399678
5.025127
7.17625 
3.644551
3.336248
3.932409
4.179709
5.972631
1.654665
5.840433
6.330463
7.188723
4.056719
4.363031
9.827845
5.047689
7.716836
3.090052
2.758254
9.193821
6.511005
.181832
9.160865
6.316159
3.177661
1.976933
1.557636
.802754
3.190209
1.10221 
7.78662 
3.468736
9.952717
.060365
1.337209
.103017
1.249473
3.741976
2.413814
7.581144
6.973283
4.904615
5.60852 
2.204725
6.193754
9.285361
5.077697
6.641177
1.210395
4.20378 
6.664215
5.026031
3.602351
8.319173
1.464274
3.206771
8.175946
4.196175
3.561614
1.341363
9.599845
9.819632
8.381689
3.792976
3.893635
2.857096
5.091239
1.139969
8.868069
.708833
6.994312
3.983651
.457392
.493146
1.377192
6.513482
4.636003
4.663156
3.931746
7.852034
.429684
7.752435
7.785356
3.673947
4.877871
9.920529
1.294871
.531678
.292117
6.536902
.667497
1.064085
1.508635
6.644349
7.874231
3.792672
.179198
7.519388
8.958755
7.146104
8.809379
3.229757
4.958515
7.918742
2.562126
8.77637 
2.822596
4.940938
8.310933
7.757607
3.175179
2.863674
6.99725 
9.959498
4.474402
6.12692 
.193034
.050933
.255202
3.631069
7.627629
2.253757
3.012189
6.991019
4.230408
5.49121 
7.897391
8.043774
5.734173
5.832713
9.088257
4.522865
5.214609
4.126827
5.063962
1.647325
9.663161
5.723922
1.231591
5.950386
2.594387
9.383778
1.921026
2.975267
7.052769
2.181294
2.618965
4.789554
.165572
3.644387
8.160776
3.289321
1.295618
8.836621
1.600434
3.306737
.293571
1.156606
8.322426
2.236625
1.394723
8.993977
2.264118
9.40392 
9.775579
6.218208
5.218523
.948518
4.719969
4.014435
2.572327
4.38301 
8.867269
4.169432
7.875684
6.829301
7.837843
7.009061
5.113247
4.831023
8.459663
3.418804
8.165307
9.608223
.049031
.680867
3.064799
2.967022
1.344926
4.426084
3.13489 
2.003899
1.131792
6.646027
9.839871
6.174879
9.925282
5.147778
9.419073
6.452002
1.602637
3.157875
2.166494
6.766042
1.45675 
9.678656
5.988034
7.601136
8.652596
1.674993
5.259615
.418355
4.963666
6.90939 
4.452734
8.815374
1.688643
8.305197
8.471705
1.701736
5.0032  
7.096647
9.150684
9.101483
2.354844
.421911
8.391404
8.512011
5.377355
1.012107
1.824252
7.425485
1.126617
5.804713
8.426112
4.004745
6.865115
4.855708
9.498935
3.937481
.062429
8.125988
6.476522
1.92526 
1.924653
2.807908
1.15158 
4.55907 
9.796348
.072231
6.69793 
4.502904
3.910952
9.721674
1.739406
1.597842
.205893
3.279699
5.634964
7.812695
5.313084
7.02936 
1.04255 
3.175872
3.69558 
5.33291 
3.725356
.201629
5.693447
7.732754
5.036602
8.928193
5.794852
4.411669
6.726194
.447872
2.242677
9.325294
8.120886
4.404429
3.239094
5.646704
8.819266
6.462322
7.118116
2.028663
1.224605
.835794
4.535905
3.77273 
6.504061
2.271142
9.818731
3.482702
2.271238
9.493527
5.196779
4.475244
3.476016
5.255028
1.761371
7.789351
.052552
2.883452
7.17792 
9.036887
6.334364
5.091622
8.58947 
8.30809 
4.376763
7.145251
3.142394
7.549399
6.54526 
2.976201
1.602608
3.420731
1.647859
5.38648 
1.449101
2.423729
7.239307
7.898322
3.879158
3.170066
9.859033
4.034065
5.579132
1.238263
2.06683 
4.582113
7.489702
6.310004
7.261092
3.399713
1.690756
7.996921
3.856967
5.26312 
5.799644
6.047622
9.023347
3.392187
6.547073
6.418183
7.696424
5.120765
7.792814
4.879578
6.453889
.664898
5.654858
2.408541
5.035238
5.555323
3.14958 
1.395561
8.179455
5.485733
7.431198
2.351053
4.487549
9.831014
3.449788
5.136911
.042349
5.262917
7.769773
7.14962 
.251926
5.834053
7.297809
5.228726
8.664673
8.238725
2.796183
8.730625
.5038  
.156621
5.653948
7.549035
5.646841
6.097849
3.574433
9.613028
4.116515
1.304232
2.695285
6.014739
3.44226 
4.457204
.472452
3.867536
1.598964
6.506421
1.769433
5.321842
1.84317 
3.128908
.757005
8.396002
.39699 
2.970686
1.783291
8.38125 
6.377718
8.606356
6.050763
7.660937
1.072175
.99738 
7.523205
6.520619
5.171353
1.206225
4.983775
9.595369
7.845742
5.864755
5.709846
4.348617
4.56517 
9.284599
1.8545  
7.472936
.361827
4.677582
5.620759
2.057266
9.121355
5.203311
6.292943
2.217644
6.829554
.752564
2.576504
1.02643 
3.891072
8.093036
8.564001
.773691
7.772384
9.352023
9.749774
4.443192
8.977489
.786854
5.414195
8.027345
8.954243
4.190915
7.426496
6.445657
4.265363
9.600572
5.191216
7.168411
4.790213
6.927247
6.08766 
6.047244
4.874306
3.11554 
.910503
9.285065
3.950958
6.14387 
2.8752  
3.141493
6.250751
7.768905
4.88443 
1.259698
2.678053
8.456105
6.043886
.885709
1.123457
6.189988
1.353574
2.898928
.197849
1.011322
5.956575
3.54111 
8.070477
1.853606
7.013994
.635477
6.508785
1.686678
5.247803
.485943
2.526671
6.317258
7.028506
9.209866
3.750964
3.952471
.767041
2.758297
5.86691 
.986422
4.162281
5.996927
6.49554 
2.834701
1.149387
8.014602
4.978395
3.797769
4.965301
2.839484
1.999106
8.359598
8.157927
4.285733
7.372178
.006223
6.732768
8.811201
6.325315
.749873
7.302186
1.253492
1.08081 
3.261446
1.038685
.858365
6.696824
3.303107
5.750156
4.633877
3.728873
2.325049
5.954142
7.090247
5.168865
5.540617
5.798043
6.064227
6.143951
8.880408
.562146
2.375774
4.45688 
4.703955
2.703075
7.934509
6.208675
.443759
7.280312
9.973488
3.407533
3.241014
6.224319
1.824982
4.605875
.054459
6.66143 
7.92674 
5.750194
9.07888 
9.331776
7.453764
4.806195
.793529
4.737277
5.272144
7.555414
.850498
5.60204 
4.599802
7.387869
8.894685
4.062903
2.138702
9.371875
1.604362
5.771788
1.821013
1.633584
8.478143
4.700547
1.617732
.218825
4.361882
.368843
7.338112
3.708977
.420638
7.283075
.839413
1.620695
2.177421
1.924868
6.615938
2.55464 
4.17091 
9.621015
9.706847
4.207006
.542652
9.25115 
8.72713 
3.291899
8.984601
6.441795
3.180646
9.939884
6.04243 
.982057
.99387 
1.933306
6.393034
3.897897
5.110691
8.361334
7.705497
.476253
4.190496
6.084188
3.750167
4.061528
1.847183
3.251239
5.77456 
6.871274
.546522
4.986759
9.251179
9.274829
4.153403
4.76781 
8.588804
1.167496
.729172
2.605919
4.646397
4.679818
2.814178
1.462836
7.540565
2.118601
4.395088
.779633
1.605762
2.703987
8.32848 
.879193
.716025
.573441
4.437144
.885923
6.336648
7.735938
2.013053
1.472204
3.942521
4.4981  
6.302547
5.148885
2.720678
5.354963
7.915089
2.168323
6.992176
1.756291
3.795215
9.585672
1.034857
4.128386
3.970853
2.671982
1.06107 
9.420485
.328995
4.632364
2.044614
1.223421
9.977759
5.465744
8.303406
8.050984
9.035926
9.453362
6.597377
2.158731
8.549161
3.184699
2.693951
2.945361
.02818 
2.757184
5.200804
9.235709
8.546578
4.285802
4.697535
5.304786
2.391066
9.2485  
3.776984
.596791
3.886236
1.812747
7.533551
4.478089
.792965
.84439 
8.747502
6.237755
6.139532
6.435446
.712111
5.524994
1.752413
7.635522
4.465681
8.009414
.309741
.16914 
1.581632
6.150219
2.324012
5.400172
8.887685
4.877896
9.596319
8.60353 
2.654374
1.218438
1.39575 
1.665352
9.017853
.081467
6.275679
3.153272
1.370166
.341544
9.277223
2.478855
7.130417
2.979043
3.977987
.136964
8.876453
3.356236
1.17345 
6.414446
2.374211
4.61269 
6.687825
7.586085
6.507152
4.415128
6.304355
3.9693  
.284822
3.283441
1.264524
6.893086
1.312143
6.175738
6.653743
4.381666
7.48674 
4.661897
6.633059
7.26335 
3.806072
2.565586
8.440257
5.34115 
6.085589
9.345045
8.439783
.108808
7.510909
4.866705
2.365455
6.627954
3.196229
1.419167
6.024386
2.148044
6.761189
.502426
8.890874
8.269106
5.022518
6.578391
9.062766
9.977276
5.518178
4.447023
1.619947
5.907314
6.512833
6.988758
5.272048
5.559616
.449558
4.010329
8.242756
1.956331
2.315843
.199676
3.235198
4.971734
9.240896
6.108163
1.77926 
4.438894
1.946292
7.914317
.810304
.176614
7.976914
2.811374
5.193405
8.006734
5.308807
9.431869
8.361209
4.295872
.2048  
.561992
1.400841
.804201
6.447576
7.188654
8.444284
8.901494
2.592837
4.147518
1.98414 
1.181254
4.682142
3.140302
2.549661
5.769493
1.272055
7.811646
7.069932
1.754816
8.975395
.938513
2.976085
6.308409
8.74689 
9.471224
4.238603
5.691391
9.738451
3.014584
7.760721
4.805425
1.827771
1.404319
2.117598
6.456362
3.280109
.685044
8.912081
.206563
6.750306
1.846908
8.433386
.963625
7.628829
2.44436 
9.812586
8.424531
8.780207
4.401883
1.096434
8.810345
3.466439
8.275513
5.917441
6.566053
5.964653
6.665513
5.861975
6.159142
6.165043
5.548478
8.976937
4.625082
8.423587
6.660412
1.85964 
.236555
8.242468
.506434
6.640163
2.473555
3.58182 
3.870008
8.764847
4.749582
7.309027
4.020219
4.298439
6.136224
5.818173
6.797894
1.913765
5.731556
6.69184 
6.471239
.951227
.894343
4.423507
8.829189
5.938197
7.180288
2.66804 
7.968478
7.371124
6.786784
9.638487
5.848823
9.436442
7.887422
7.917676
7.513391
9.546821
2.563291
.981905
6.766181
9.650861
7.498477
6.301348
5.76704 
6.058843
8.966731
6.176004
8.64991 
2.143914
6.966698
6.93736 
7.49459 
7.788158
6.811984
2.536241
2.293947
8.232624
3.677109
7.967525
.529555
.290419
8.624063
1.436877
3.259164
7.47937 
9.114044
4.797727
1.367354
.936067
2.685375
4.349119
8.068329
.877537
6.366262
2.04928 
5.971967
9.242379
2.593443
8.73242 
4.91973 
3.341561
4.867066
3.623208
1.054769
4.213146
8.913562
1.971716
5.025317
3.591694
3.231628
8.026993
1.676365
2.914049
2.225827
2.846466
7.386412
3.103405
8.070171
4.363606
1.147831
2.502834
1.492991
4.345601
7.311883
9.388287
9.765291
9.059061
9.566068
9.691402
9.04588 
9.766962
6.913735
4.084809
2.982436
2.210958
8.086004
.624775
.860364
8.194744
9.493508
1.012064
6.31683 
4.760261
4.778491
1.04162 
8.842085
2.038204
9.250404
9.024115
9.372361
6.640679
3.993958
2.328875
2.785874
5.723768
5.18792 
9.181875
4.59517 
3.434638
2.431663
.170725
4.039441
2.537974
1.769328
2.590893
5.881586
9.320579
4.016349
8.588862
3.147575
3.28766 
2.299777
1.785926
2.539655
5.242598
9.263002
4.105019
4.682112
3.416331
9.716858
6.376972
5.373696
6.624113
3.370715
9.844244
7.579399
9.025517
5.880667
.158353
8.382235
1.219062
9.656187
.592476
4.019047
9.090752
7.429953
8.745534
1.152638
2.733717
1.967846
6.467545
6.782081
.83639 
1.972985
3.361498
.124019
1.769024
6.564178
2.43872 
9.277331
6.414966
5.015131
4.004253
4.26147 
9.285993
7.935253
7.96983 
.554162
7.484227
8.892168
6.517026
8.430366
7.917022
7.238489
2.437778
8.347778
9.548492
6.006681
4.235135
3.240221
5.281555
2.723468
7.524879
1.654318
7.508269
3.824609
6.220745
2.460439
4.957078
4.343007
4.935919
5.362936
1.524747
4.306591
9.839834
7.482441
3.358414
6.265215
1.956513
6.336008
4.171628
.420934
9.597692
9.250713
5.573864
5.736904
4.795943
2.124306
8.98816 
1.666687
4.777096
5.365315
7.642499
9.244303
1.175415
4.590808
3.171804
3.28539 
2.556352
4.433954
3.642071
1.625576
4.552008
5.744087
1.19849 
4.454758
4.688845
9.609135
1.778526
7.27629 
4.962683
4.909718
7.249668
5.539926
9.932495
9.264323
1.689669
9.539937
9.537793
.597352
4.426359
6.607943
8.976692
7.811692
2.765513
2.393678
8.064064
6.497244
.652161
9.518325
7.090181
4.927814
4.941893
.336419
.684391
1.660836
2.196824
3.029661
2.692081
8.6544  
.921451
9.024619
.875868
3.802198
4.189109
7.341941
3.736122
7.511698
6.335391
3.030076
.684203
6.179271
2.819159
.884525
5.939086
8.496922
9.95974 
7.832196
6.429496
.653917
5.242847
4.03032 
.594997
2.155922
5.718218
8.623779
5.634361
7.457631
7.249715
9.729146
9.852448
3.377411
4.113688
8.843254
.473017
3.70058 
7.57581 
9.935686
9.692613
2.026293
3.421749
3.082144
2.626352
.675402
3.874337
.205585
3.340735
8.258778
6.681921
7.404576
.880413
7.911985
4.279275
4.370347
9.751852
.276776
2.411112
2.970062
2.087186
5.973488
.76298 
4.999672
3.830838
2.922504
9.998797
5.463275
4.349731
5.058025
2.836756
1.906825
5.703485
1.743093
9.627773
.347015
8.126037
6.350505
8.038069
.011911
1.115883
.988978
8.025218
2.149126
3.513735
2.317353
2.445154
2.87629 
4.124431
4.02309 
4.870083
2.030347
5.45971 
9.221035
5.848276
6.142362
5.806699
3.081142
.262427
3.040513
9.731233
3.87963 
5.355847
3.689364
1.593495
8.75414 
5.178744
2.104523
.656429
9.234504
8.365968
5.884444
9.015912
5.142618
.812924
.723805
8.796322
7.557399
7.066128
9.558719
9.93071 
8.716735
6.14514 
6.33818 
1.201339
4.177682
.305895
6.478842
3.358072
5.84575 
3.834035
7.027244
5.383869
.920766
.548435
9.927338
3.78855 
3.987146
4.021654
8.789373
4.407938
5.113238
2.219052
1.117669
3.735791
8.626827
2.828386
2.254611
6.492796
.991585
8.443251
1.161718
3.504094
.625369
3.455228
7.639317
1.945548
4.394888
1.618763
2.201398
1.457971
2.176375
2.810976
8.073986
8.368824
3.923558
8.332576
1.316689
1.859953
6.499485
3.199342
8.996747
8.785632
7.9119  
4.017078
1.65307 
2.979242
.384307
.246456
7.023779
7.804367
.925529
6.051127
3.217072
4.398414
3.564722
.408334
6.907126
9.481827
5.274555
.368716
4.581316
8.803506
2.437798
9.262516
8.936719
9.880412
6.684627
6.046641
8.252531
6.584094
7.310855
.409839
1.262745
6.515871
1.797019
7.862407
3.172937
8.945283
.440305
4.332358
6.188342
3.472207
7.262735
4.299849
3.74843 
2.567902
.306868
3.837803
3.949306
6.997306
7.319671
.25147 
1.656001
7.213092
6.198151
7.520957
2.562745
4.973751
4.182813
.656864
7.921945
6.311379
6.742797
.361501
7.535262
5.648451
5.10106 
2.772893
5.704723
1.952494
4.518202
4.726797
1.249436
8.467274
4.13954 
2.923267
9.484721
4.513722
6.675989
5.534438
3.601826
1.567389
3.248459
4.364809
2.378303
3.72727 
6.03521 
6.998463
1.756156
3.010781
4.477506
8.602727
5.830994
7.690794
7.459726
6.420993
9.470179
1.831669
5.579936
4.931594
7.631002
3.166873
9.836749
5.703788
3.515799
4.736039
8.831178
.491273
5.205652
2.30886 
2.138519
7.059766
3.48983 
4.790841
3.47646 
2.096509
.023600
2.287374
9.882657
3.132793
7.488351
1.781851
.889244
1.061821
1.491979
2.446018
7.007138
6.213533
7.351742
5.268332
3.727834
5.262398
7.677534
7.476056
.767655
9.632212
7.537232
7.358645
8.070065
8.587103
7.819406
.735652
9.597419
5.632302
2.010938
3.699473
.295928
1.51597 
3.00245 
5.673814
8.851657
7.158307
3.552236
2.716411
7.596768
4.802156
1.895474
8.012159
9.855424
.676482
4.305858
6.23135 
.832307
1.332487
9.844885
8.128964
7.952525
1.695615
7.662923
9.564698
9.269585
6.792185
6.923484
8.007197
9.535495
7.086706
8.161681
3.58996 
3.522648
9.637698
3.611702
6.743493
6.560429
.442883
8.449222
6.965101
7.659878
4.655424
6.20204 
.982466
1.38812 
3.602387
9.877341
9.828791
6.679572
.687208
4.495715
9.454497
2.157856
3.198694
5.689703
5.244506
5.889715
7.534054
8.531847
6.853801
1.737245
6.998116
8.538598
3.025905
.268691
4.805511
7.275644
5.585823
7.928136
5.333819
6.363464
3.599644
7.479441
1.744114
1.477204
7.050416
.356157
1.523754
8.693029
4.746915
4.76807 
8.549115
3.430017
2.691314
.386648
8.572037
3.320489
2.585281
6.521569
7.187121
2.646078
7.220718
7.846081
1.113514
.258235
5.964862
7.805876
9.273128
2.67473 
1.187707
7.051482
7.83353 
3.177108
7.094812
6.46181 
6.878119
8.58635 
5.584491
1.664841
8.056182
5.881985
5.966188
8.804731
5.88365 
1.699205
8.485624
2.971016
2.763861
3.77804 
2.260961
5.779381
9.526473
9.832145
6.758021
.314262
9.820452
8.526396
.183123
1.215193
4.371032
2.980593
5.429282
1.648386
6.170076
.148235
9.196653
8.072094
6.183213
7.063855
8.880987
9.021569
3.37686 
8.194678
6.285414
2.528179
8.962006
4.151037
3.020831
2.461196
6.369647
4.467604
6.963253
9.257617
4.165381
8.796647
.721833
5.698941
2.242226
7.014761
.959723
5.526751
7.059126
1.740031
1.789025
.058192
9.405549
9.569852
1.931591
8.728648
9.569631
4.682709
8.837242
.747311
8.103149
4.988899
7.075188
2.4264  
3.322517
4.75856 
5.03265 
9.509283
4.875306
5.464746
4.622801
5.209366
9.286157
7.833943
4.010926
1.411007
6.002352
4.197999
2.08292 
.959397
6.499904
8.573551
8.988832
.69206 
6.659161
2.053063
2.312021
6.219194
5.725661
9.489254
5.653598
1.676808
1.729339
3.236563
7.167046
2.433416
1.194956
4.171176
3.033014
9.079989
.736601
.721857
8.525042
2.731859
1.949312
4.819494
9.957688
.739065
6.425296
8.814484
6.560321
5.511389
2.216787
6.197544
5.222501
2.521683
.418438
8.688033
6.599142
9.609614
4.959302
7.030741
9.386267
1.138842
6.778674
8.829198
5.900162
2.244492
8.770434
6.399197
5.664612
9.946792
3.309008
6.771621
7.524511
.054776
4.228297
9.505928
4.983633
4.728842
5.161822
6.54009 
5.957738
4.375435
4.93554 
2.631839
.899563
5.59969 
7.486999
1.425614
9.433982
3.688912
3.375536
9.030585
7.010416
1.232256
8.272068
6.392366
3.47253 
8.429325
5.17783 
9.661976
4.846328
2.957452
9.647148
9.730686
3.155787
4.726177
4.281132
5.33318 
3.356112
9.295351
1.229507
1.192053
1.620776
7.055149
8.906775
3.399753
8.776211
7.298613
8.899381
9.606788
7.14948 
6.111662
5.221143
2.131028
1.626894
9.284   
7.450881
9.530021
4.030265
5.52161 
5.807864
7.919185
3.677615
4.397215
1.798587
3.189299
2.764369
.305612
6.363163
6.619466
1.678625
1.944774
7.616224
2.4514  
8.062226
.685473
6.112053
.040361
1.405169
5.129914
8.204094
3.040893
3.017415
1.247337
4.745614
.323578
2.82627 
1.467183
1.82387 
7.929849
8.649783
7.948798
1.680768
1.189241
8.863027
5.950329
2.194265
1.403495
5.069943
4.946389
3.947148
6.694478
2.183758
2.711401
9.899711
7.242035
3.786898
8.237665
3.363957
6.558433
1.673431
2.375515
5.369508
6.316346
9.738074
9.976883
5.500902
8.849621
7.490266
5.477183
8.642176
8.947859
5.494454
9.874651
2.679991
4.188842
7.040621
8.974962
4.457814
.967181
2.297793
7.075049
4.950068
4.487269
8.064509
1.268153
6.221713
8.587664
7.230528
7.553563
5.070979
1.45389 
1.612516
8.230742
7.202872
4.619486
6.794748
7.929704
7.835155
1.585489
6.977579
5.613115
4.471363
2.950844
4.405955
1.540199
8.69995 
5.183881
4.610937
2.847477
6.152451
8.321622
9.136844
6.610287
2.113192
8.088051
8.750131
6.671743
8.982527
6.80834 
7.300135
9.305939
5.45359 
9.43544 
4.611352
1.186641
8.933686
8.617786
7.094965
2.100191
4.126086
9.582049
5.546024
8.514106
8.074859
9.478191
4.5763  
1.668271
.391451
5.770198
7.579852
8.610362
7.56239 
7.311573
.437817
5.529926
9.343732
9.637918
4.28468 
7.747421
8.85092 
7.461918
4.399771
7.384501
1.446278
1.352804
8.813737
5.534805
6.670786
9.067598
8.149985
1.892644
.597759
6.287965
6.099468
9.143769
3.850635
9.549901
.473264
2.403286
5.385761
6.632566
.962692
2.360082
2.859069
6.641068
4.458205
.187665
5.740188
2.039785
7.18106 
1.290528
5.833894
1.614024
1.340211
9.114185
.542347
1.043838
2.394651
3.22835 
8.17474 
6.023049
8.307366
9.868252
5.818176
6.953711
1.174851
1.756154
7.045182
7.99193 
6.290363
1.779026
5.551891
4.272119
8.188971
2.21159 
2.548041
3.000774
8.059237
9.639923
8.722531
2.322736
1.237024
4.40729 
.413741
7.702612
8.346532
4.006107
6.421935
1.708017
3.385371
6.654878
3.181878
.152628
1.620266
7.725148
1.34954 
4.524535
2.066935
4.749951
4.702401
7.955254
4.202807
9.725477
6.674981
3.008047
8.994219
8.011105
9.413801
8.001159
7.367835
9.90895 
2.786389
6.300349
6.969302
5.780199
6.869368
1.967507
8.899493
6.937859
5.419176
9.727638
5.059321
.094045
5.435063
6.14325 
5.226061
7.521498
6.240796
6.583571
.395437
6.443185
7.919388
7.954512
.575542
4.472225
2.798344
9.354488
2.058895
2.246117
2.673622
4.296875
6.691178
3.299708
4.77587 
3.190855
5.037144
3.349111
.415855
6.130976
4.940922
.952326
3.457869
8.200238
3.043295
6.268398
9.10037 
4.419681
6.307503
2.823672
2.258612
6.910202
3.7266  
7.14524 
8.477989
2.465723
7.59902 
2.500711
2.520652
6.543069
4.542947
7.019749
3.79954 
6.148784
6.993962
4.33414 
6.148124
1.85668 
5.148954
5.264015
5.659808
1.535587
6.768045
7.657801
5.429773
2.532182
1.525366
7.170052
6.188781
9.342803
4.948164
4.464466
.642869
7.53111 
3.239398
9.655578
5.483284
6.816725
6.731764
6.52448 
9.430616
1.378982
1.038468
.057212
4.072687
2.067258
1.030644
4.412606
1.147934
.408095
7.909557
2.751466
3.68589 
9.114217
8.138113
6.120032
.608475
9.214344
7.670671
4.323932
6.506969
1.03243 
1.630987
4.978808
.806097
.421026
2.958452
3.668083
2.001979
3.747189
9.165577
6.70445 
8.221518
1.801654
6.65142 
6.61923 
9.17855 
3.659423
1.680469
1.197473
.985675
6.723189
1.031853
3.249296
7.104884
.923928
2.609861
9.787337
6.845776
5.611141
.293236
9.769865
8.011359
1.95311 
1.713278
4.800075
3.734389
8.862032
6.06262 
5.533017
1.23275 
6.211951
.530528
1.775226
2.401967
3.390443
9.709478
.879284
3.611989
9.861034
3.170018
2.827626
.106314
2.531464
4.911076
8.740878
5.368801
9.640277
6.258482
2.45699 
1.330251
1.184197
7.714226
6.622176
.631004
2.625293
8.855805
.897365
2.572272
8.766417
6.946966
7.796238
7.300987
6.461046
7.862648
1.472086
3.570281
2.096974
3.842759
.397324
1.236277
8.339143
6.333704
3.846349
1.064661
7.427485
9.308893
6.14455 
8.976318
2.049623
.240026
4.19514 
4.894471
5.545129
3.942264
1.824683
5.74439 
.197666
5.093923
4.303779
.261697
3.194066
2.916959
3.553481
3.035397
2.864095
1.688588
9.766109
2.857616
.969944
1.27116 
5.734483
1.052934
6.868781
3.794374
6.919105
3.781595
6.114541
1.258094
5.83348 
5.764663
8.340268
7.259003
3.09711 
7.134817
4.833154
.083567
1.961822
2.161728
4.372834
9.549001
4.626081
7.152744
7.741356
9.474999
2.784279
9.962054
4.156511
.928338
7.810941
2.359905
6.176756
8.781219
.268254
7.924913
6.359116
2.646789
8.254624
4.191553
4.8956  
9.206726
2.025409
1.453054
.306701
1.138708
5.680471
4.21373 
5.162234
5.505862
.717065
7.906482
2.561458
9.586345
1.339905
6.603451
7.704287
9.668103
1.020876
.564151
7.72768 
3.844141
4.260045
9.374755
9.599876
1.666843
1.705938
.185779
5.060901
6.48215 
8.140197
5.8431  
6.540086
9.039443
9.660491
3.662002
4.068662
7.892549
3.194626
4.985579
4.830391
1.856424
9.226916
5.343956
6.058846
9.621057
6.135967
4.547377
4.9943  
4.233468
6.63439 
3.709523
8.202263
7.860708
5.700156
3.824592
6.756545
1.157433
1.082385
8.541115
6.59436 
1.155789
3.67602 
.984446
2.705243
.509268
4.148612
.970304
2.444984
1.36848 
8.325712
6.615857
7.542829
9.041183
4.92161 
9.519814
.652036
6.904336
.914236
.337505
9.653836
.71924 
.932526
7.164516
8.922855
.057959
9.138751
8.445164
5.776021
1.691356
3.879851
1.133602
5.969502
4.246234
5.67306 
1.479586
2.928236
7.141133
7.359053
.354269
4.552868
2.965476
4.665846
5.361832
1.085541
2.986152
3.942596
1.717431
7.969643
5.679232
9.758854
6.66642 
6.085573
4.800254
1.548884
3.98596 
2.457305
5.029443
1.719658
2.998127
3.872912
4.714744
5.029833
.354738
2.21274 
7.54724 
3.139873
1.082042
1.397006
1.382709
6.575863
5.472236
5.688773
5.186788
7.988749
9.829591
8.431536
5.50098 
1.933779
8.414677
8.288635
8.688696
4.900425
5.576298
1.53744 
8.549403
8.776675
8.495483
6.959754
6.815555
5.452816
7.180208
1.419285
6.524398
1.519841
3.87304 
9.447838
2.429361
5.956894
4.97535 
9.329408
2.703201
8.944294
4.00304 
9.908955
6.68667 
2.250113
2.176494
1.47575 
5.119722
7.875482
2.224645
2.941366
4.040888
1.533576
1.146477
7.380918
9.790698
1.741981
2.781966
9.168622
1.003457
4.057658
1.183581
1.94309 
9.541249
7.81758 
9.234532
9.057932
9.145298
7.424966
1.967024
7.940065
5.777355
9.460295
9.390593
1.775699
5.68315 
5.140453
4.435879
.932427
7.605626
9.481448
8.585595
6.126273
4.123987
.204223
3.159155
1.275461
4.898926
5.041895
5.639947
5.70849 
2.486936
7.201573
8.897719
3.411176
2.946313
8.207535
9.901016
8.887568
.233207
2.545614
6.08582 
1.795029
5.485189
6.041354
8.669568
7.446611
2.798621
.941093
8.33034 
2.209356
3.492369
5.054454
9.225746
3.501073
7.406572
3.886616
7.009374
5.438433
9.740248
7.051784
1.34749 
9.550861
6.293079
2.235705
6.307185
9.814025
2.564818
4.914665
8.393475
6.333079
7.180413
1.258124
2.717791
9.505716
4.386641
4.044206
6.575371
3.634411
.418063
1.533787
5.764106
3.392117
.826084
6.655472
6.518214
7.053616
4.513918
7.714357
4.035457
9.337525
2.664025
5.598063
4.457039
6.540894
8.322835
7.871141
4.514881
4.009478
3.311385
4.601213
4.580745
5.270243
2.599665
1.851878
5.624486
8.518145
5.943554
6.093001
3.531337
3.110819
8.872578
.520861
.842949
7.597689
.266815
6.32178 
1.779139
2.949205
2.675957
9.656883
5.244832
3.609019
2.516423
3.634903
.359974
4.337424
2.805155
.658605
2.907558
4.374332
8.894834
3.068338
5.93729 
1.337391
1.613696
4.25238 
.089514
.892674
.461183
2.505307
2.775721
2.527962
5.446552
.001266
.877482
3.82695 
7.008123
1.418523
4.59811 
9.557301
2.462289
3.622162
2.15855 
6.077352
6.262422
6.053395
7.878133
8.902746
7.232354
6.303012
4.238403
8.743975
2.097285
6.173129
4.560598
5.198514
9.447481
5.774708
5.046556
9.627764
3.923041
7.44567 
9.754626
4.505872
3.381895
6.468094
.444044
7.420729
7.731943
1.148739
.344517
3.810959
6.396657
2.042806
6.684643
6.163154
4.760486
8.436137
.474327
4.749737
2.716009
7.844665
6.312434
3.093367
3.137757
.392307
3.708761
7.303813
8.469935
4.122716
6.389689
8.8701  
1.044912
5.820755
9.987279
6.225198
7.635595
7.80175 
1.542397
2.690095
5.703368
1.594321
8.648922
5.017116
8.173909
2.335609
9.783891
9.158164
8.395743
3.618151
1.597632
2.845631
4.314405
1.401266
5.112938
3.581638
9.657461
.738117
5.063237
8.134348
7.365799
.444277
8.07038 
1.250386
9.572141
1.356022
4.621988
7.89493 
6.316689
2.773405
1.460293
2.315974
8.974199
3.565762
9.566835
7.75551 
5.370485
3.716826
1.669539
6.821398
1.374209
1.816637
5.847018
7.879151
3.214803
4.594427
1.583231
5.879011
4.770859
2.172824
9.128598
6.621976
5.140222
9.695791
6.715164
7.956293
9.874639
.076806
5.543611
7.002791
4.326398
3.267974
.876867
2.648644
6.62521 
2.565729
7.646871
8.363557
8.385181
4.222022
8.8828  
5.984698
5.419072
3.114107
4.032587
8.38583 
1.957961
2.007118
5.132735
3.459013
9.878098
9.601268
.944202
8.13671 
4.102979
1.507817
6.942026
8.185291
9.034058
2.556302
7.259426
3.148531
4.663711
7.944422
6.196004
2.113996
9.802746
2.756688
1.007119
8.121815
1.389781
9.883298
9.729875
6.938739
5.733185
4.704296
5.313632
1.034392
.769661
.699828
6.275133
2.539781
5.245976
4.234881
9.512531
9.96669 
.193225
7.330041
7.803956
6.382027
1.861578
3.026684
1.009907
7.943188
7.840484
3.943033
1.900461
1.880404
3.551253
3.696289
5.121669
6.571945
9.117351
.163899
5.208218
7.659129
7.946276
.529863
4.382468
6.424598
2.928785
4.30075 
3.744714
9.656921
3.490663
7.393539
9.075977
3.453339
4.294022
.144259
1.864551
4.045381
7.831694
5.753062
7.962164
7.028512
1.476014
2.01115 
9.532018
9.134028
.581806
8.828225
.700064
3.429606
9.530171
9.73416 
8.191978
8.425434
5.614414
2.651142
2.734687
6.574369
5.804477
4.71498 
9.494592
6.157351
8.200815
1.744398
3.983749
1.716859
.083043
7.475783
1.802901
3.590305
9.633878
4.671425
8.596557
1.383325
1.66546 
4.053739
2.648992
5.394617
5.127418
6.229301
8.312121
4.513779
2.422216
8.498434
1.380509
.765298
9.834835
1.278913
1.119509
4.49705 
7.569032
5.727418
1.194221
4.985678
9.43846 
5.209683
9.608202
4.38053 
7.386387
3.860736
8.021763
2.055211
6.208448
3.821923
9.187036
6.47102 
5.267256
7.350009
1.51521 
7.392623
6.884815
3.618496
1.729273
2.182932
4.998159
6.459742
2.757949
7.959884
6.343136
1.950013
2.510919
2.110799
1.316801
6.096094
4.401856
6.895038
3.617103
4.59172 
2.013283
1.638367
6.295002
.373999
8.948812
5.624817
3.161161
4.952004
.148081
3.422479
9.285276
1.685187
9.766943
4.544813
4.559971
4.412978
3.762708
6.131472
6.949597
7.242977
1.875937
9.316874
1.232891
.529437
1.455588
9.138844
.790278
6.628168
.916531
9.700105
3.100323
3.13785 
8.426672
3.028389
4.804932
.781257
5.108762
2.555995
9.50835 
8.518397
6.173437
.924552
1.351196
1.095658
1.410981
3.094936
6.644871
2.764291
.101049
4.463476
8.823687
.986604
8.94075 
9.388456
2.221724
1.934342
4.114282
9.858386
6.362372
.059880
3.437149
6.139995
4.468102
3.193936
1.704799
7.551641
2.090884
5.543544
.342205
9.432813
2.759105
.855919
1.109459
9.701583
1.688767
5.463786
4.178743
7.002892
1.064873
4.985346
9.315331
3.410695
2.293276
9.884617
5.856105
3.352874
5.98375 
1.426101
.841905
.403004
8.014241
1.27697 
5.188293
7.065437
9.050576
5.255049
2.235385
2.224623
.970117
4.117952
5.410667
9.05093 
4.850297
6.620004
.304592
3.021714
1.414768
4.774999
1.978957
2.122334
8.415464
6.233685
3.659372
7.940521
7.431968
4.535616
3.385905
6.50779 
3.184333
2.030198
5.5906  
.988491
7.634261
4.214028
5.559695
7.553297
1.241019
8.563126
5.572391
1.826842
4.538595
5.892109
6.611687
4.98937 
5.479323
5.574113
2.368297
8.729196
8.974152
9.678106
3.675359
1.129565
9.757956
6.477541
6.144727
3.780919
6.262108
1.378542
5.353202
4.065388
8.7268  
9.059553
3.637333
9.277046
1.834041
2.69669 
1.570199
3.802232
1.944437
2.769827
7.857967
3.56777 
5.135735
.233624
9.437961
8.927879
5.599009
5.654433
5.394466
4.452516
2.59428 
2.726227
3.336231
9.58905 
6.233836
6.537283
2.893725
8.170462
1.099182
6.034662
5.807876
5.110411
5.382251
1.760519
.160674
.289234
1.694666
2.689501
1.664415
9.451389
2.439778
.388741
4.156865
.487775
5.05817 
6.570498
.352356
1.383472
9.00159 
5.170165
.349107
.724188
6.087656
2.200498
9.891107
5.4616  
2.908067
9.106286
2.767687
7.451089
.138565
5.822978
4.279997
5.411646
.746636
5.092611
8.38318 
1.682827
6.241315
4.360729
4.382029
3.698268
3.440664
8.226169
6.866141
5.825311
2.874182
2.070377
.216881
8.413219
1.773821
7.865773
5.702525
7.745305
9.265084
7.25207 
6.214752
3.334583
6.351571
4.988952
2.544688
5.667322
9.148054
3.746956
5.738461
1.773811
2.087099
3.036434
9.236571
7.697343
1.821785
1.267582
.640918
.157953
.566835
1.824903
6.928924
7.602531
7.681022
6.705559
5.469598
.368069
3.897341
1.666475
6.77049 
5.837741
8.569925
1.570826
3.333923
2.246841
1.673147
2.5457  
.057500
2.060891
5.760998
.249138
1.850871
9.841052
5.330916
4.593967
1.322415
9.937334
7.382794
6.837705
4.737563
9.865024
1.38513 
.976603
5.243847
6.538396
5.117741
5.549852
.926987
2.920663
7.330059
.719981
3.251707
.055311
7.879648
6.983663
5.682016
.505985
9.719139
8.65392 
4.454697
6.534117
1.701404
8.527836
.157226
9.580465
1.597793
1.504591
6.167756
5.070235
6.974815
.869648
8.799208
5.876312
7.14214 
.226527
2.047852
1.55742 
5.939496
1.295713
.931243
8.343336
4.40465 
7.306152
1.641881
6.303766
6.515239
3.804558
3.624776
1.817741
2.564775
3.66745 
9.728508
1.432547
1.630493
1.937568
2.173786
2.929554
5.825759
9.224459
1.716105
8.877337
7.833287
5.556656
8.216927
4.548247
8.212739
6.786596
4.211551
1.628505
7.576246
2.530673
4.74601 
1.108648
8.307193
3.635992
6.220953
5.863629
3.131911
7.224584
2.973471
8.578014
2.298344
2.665796
5.101003
2.657542
4.960256
2.281392
.698378
2.390214
5.212795
6.561613
7.512798
8.505342
1.302271
.648521
2.686261
1.311762
2.623967
9.54922 
.729107
8.405483
2.891872
.839392
4.142284
8.078758
1.941351
6.071526
6.107977
9.348428
4.243939
.500174
7.119856
4.741831
2.076159
5.55986 
3.510992
.798515
3.56005 
.976227
3.758049
.094088
2.443893
8.734501
.559638
6.204854
4.671329
.291035
2.333752
1.056371
.414141
3.454039
5.36321 
5.486491
7.205775
8.183972
3.628798
.885813
5.05156 
5.978801
1.716806
5.469891
3.64188 
1.813991
3.57589 
1.959258
4.237979
9.712172
.247207
6.89826 
1.944094
.889566
7.057743
3.966369
8.458718
9.003373
3.628576
3.978052
7.416629
8.396421
9.541469
6.163863
9.574694
1.552238
3.68495 
7.774446
9.656431
3.721323
5.473154
.575017
3.877768
.752136
4.678779
9.930294
8.139216
3.426587
8.708398
8.588542
5.218633
4.693253
5.927413
1.499096
6.051493
7.521651
9.763064
6.042259
7.656077
2.32752 
9.958035
3.306924
2.934546
4.406011
3.744701
2.661784
1.760911
4.622594
9.714486
6.50563 
4.269721
9.56252 
7.624316
4.318931
3.37387 
5.636269
1.147343
7.613082
9.563231
5.301979
4.037839
1.939723
.344688
2.162815
8.680277
2.209662
1.66749 
3.356373
3.740041
4.928083
8.358355
9.039627
5.13919 
1.589138
.500312
2.47178 
8.553853
3.454893
9.822595
6.894605
9.812166
9.730242
2.305711
9.461938
8.797855
8.636561
7.787258
.112828
4.641812
9.739671
6.913604
8.124455
3.067472
4.78129 
7.150922
.466756
6.064887
5.170628
7.996647
2.089696
8.952905
6.089527
2.844549
.833784
9.242825
6.925739
7.389588
.912936
9.143457
2.195418
2.367904
3.517358
4.176546
1.678581
9.004748
3.649742
5.42148 
1.951872
1.959749
2.13295 
4.426259
1.28686 
1.579252
.842909
2.217676
5.09322 
8.124094
2.968133
7.478726
8.937804
2.630032
.529886
2.647578
5.240015
1.138623
8.291093
.825772
8.453413
6.588942
2.08676 
6.059555
5.93803 
9.562364
4.016849
2.496431
8.867323
7.406184
6.342916
1.95807 
6.317661
6.193483
3.608496
7.487642
6.222087
2.691641
7.401108
4.760398
1.853003
8.781164
5.686048
7.248795
8.021081
7.252648
4.028335
7.462141
4.730523
5.468892
1.576855
4.835479
1.579909
1.002182
9.719814
1.307084
.870531
7.651077
.016893
1.24552 
7.127304
1.625887
4.216006
4.184666
5.169629
5.195379
1.113416
5.235435
.023552
.129169
4.427385
.695591
7.161358
7.623842
5.94084 
4.233838
8.231192
3.276398
1.59758 
7.125487
6.282247
6.281776
6.257423
4.289985
2.021954
5.722419
8.122991
2.960526
5.879997
6.226494
5.806349
5.639905
5.900488
6.068442
5.65136 
5.908622
1.831673
4.36722 
2.712197
6.479033
4.0677  
1.19567 
6.69171 
7.266864
9.460481
6.491723
5.602344
.403818
9.290701
5.829781
7.591082
3.492727
6.18823 
9.415273
5.729308
1.117719
9.567504
7.339022
5.544436
2.532471
.140669
.058358
9.933902
4.89206 
.695168
5.41264 
2.518808
6.398411
6.953856
.188606
5.733248
6.967525
4.283839
9.319943
3.684897
5.641707
4.179091
7.861449
6.843928
.473704
5.455729
4.069718
4.810007
3.542689
5.05085 
5.295204
6.727767
.093044
6.471993
3.195017
1.228851
2.608376
8.405992
.94559 
5.88747 
7.5419  
9.365413
1.076105
.309857
7.147111
3.13902 
4.457634
7.717386
4.768187
9.496828
9.774944
4.857863
.679316
7.206707
2.464715
1.536082
.706812
.502882
4.325776
3.642776
.258083
9.957694
7.715999
3.581679
4.798093
3.090508
3.220627
6.064296
2.149873
3.033205
8.275312
1.140428
5.337032
3.018144
1.555085
9.566608
1.588151
3.945745
.22094 
3.255469
5.440767
5.876257
.155971
4.277736
1.746359
8.520943
.499157
1.697855
4.917697
2.180244
6.945661
2.788805
7.421709
4.320058
6.060749
5.238735
2.787255
3.564263
9.154398
1.34029 
3.398137
5.721529
9.373641
8.856075
1.959466
.026278
9.969222
.885005
3.793038
9.805873
1.559645
5.019878
5.810005
.508608
.882732
4.255331
1.348782
6.504687
6.549318
.643229
3.284441
7.203584
7.735252
6.501146
5.997519
5.29532 
7.717338
8.559026
1.229736
4.281264
2.998575
2.749633
9.276452
4.190626
5.012792
1.252569
9.491102
7.509368
2.426338
9.437121
6.082329
2.99979 
3.877058
3.831444
2.693397
2.234879
7.183175
1.067539
.396244
6.192945
.441134
9.110963
4.324418
.174099
3.403372
4.315561
1.746936
5.468449
7.260485
9.80318 
9.912213
5.688757
.428812
2.966318
6.473841
9.656011
.007708
4.053806
5.645335
6.472235
8.106082
4.203486
1.812897
7.106226
8.855246
8.280045
6.070985
8.109398
6.604099
5.890302
3.999608
9.645351
3.681917
8.796822
5.763752
6.334839
9.520963
2.871206
5.544692
2.845919
4.285997
5.120733
7.424297
1.6888  
1.580858
9.121465
3.696943
7.427034
2.814138
9.548764
9.128267
1.791996
1.388132
.818589
.097093
5.704496
7.274074
1.34718 
4.855998
8.271851
6.291179
9.190514
3.357232
9.083881
1.902348
5.568969
.820084
5.138272
9.240676
9.03634 
5.045732
8.458435
3.66476 
1.090807
5.858597
2.150492
6.245191
2.248666
.235946
4.805747
3.047129
3.366626
1.562658
5.701672
8.75247 
4.784416
9.813471
7.086344
1.457289
4.446439
6.485192
6.948821
2.07024 
.953464
4.077836
5.141014
8.593135
5.265669
5.664266
2.734893
1.726456
8.107998
9.244197
1.43372 
2.618185
9.242322
2.198349
1.886015
9.642123
5.056856
9.839897
6.762148
5.487061
2.87207 
4.587821
6.64496 
2.101271
5.075561
9.999177
.369362
2.700899
7.148378
4.251973
2.860912
5.527406
.86258 
.165403
5.219149
6.568566
3.817021
6.496992
1.190712
6.715102
6.541065
1.434726
.067667
5.483924
5.994841
1.084982
3.469418
4.615039
3.5975  
7.684564
1.881902
.555545
5.568414
4.327925
5.47425 
6.804043
2.81552 
4.583111
7.247326
5.635242
5.753094
9.434001
3.667936
7.179547
3.208669
3.875441
5.846053
3.215788
7.394398
4.536641
3.264506
7.424708
4.6804  
9.954897
6.029897
9.563297
7.488783
8.622375
7.663085
9.352924
5.293708
.972443
3.151403
7.598869
9.017209
8.46316 
2.63692 
4.667102
2.753938
5.177329
9.625764
7.392195
5.276828
8.619256
.264196
7.045931
9.148287
5.876935
2.440411
1.720377
5.562631
4.022046
.79328 
7.432918
2.73918 
9.162614
4.685218
5.688017
4.339473
2.385926
5.007091
4.101163
7.021492
.621824
7.263062
9.607936
8.772184
.878974
3.755408
5.040908
9.551622
5.784973
5.928821
1.771917
2.678298
3.218181
6.849278
8.224292
7.52101 
1.089691
3.224074
8.264191
8.882029
3.306579
6.614719
2.554593
1.01545 
5.272719
2.585586
1.867752
9.508071
5.79618 
9.383571
9.394823
1.129935
5.385137
5.80247 
4.614264
6.993959
7.261059
8.24782 
3.121991
3.812692
5.918798
7.672234
1.490487
6.830371
6.904665
3.704565
5.856486
5.14984 
2.431975
4.460788
9.7566  
2.770728
1.341586
1.99687 
4.174564
8.597539
2.682604
7.178647
7.268746
2.4371  
5.208938
3.585131
6.878839
.148143
2.358965
7.589159
5.360354
6.546494
.762997
6.826957
6.964751
5.526132
.557994
7.96977 
3.122579
6.229427
.95927 
.927293
3.730165
5.648884
6.822767
7.416896
5.664883
9.631083
3.369295
9.860931
8.676924
4.710526
7.079956
7.25022 
7.238588
8.082057
1.847747
6.926692
9.388312
1.592578
7.946632
5.396514
9.22844 
6.644999
1.041336
.054803
4.522336
3.443674
4.592713
3.775524
2.660186
3.28203 
.615022
4.839963
3.632903
9.256485
.347074
9.586402
9.483823
8.833468
1.974573
2.001599
4.724217
5.704709
4.22735 
9.626837
7.914545
6.020933
3.143335
1.709926
9.285458
8.533863
6.372106
9.198058
5.107606
7.060926
3.344257
1.359354
3.526067
6.56733 
8.455091
3.907625
6.302358
1.0401  
9.602853
9.749847
4.203547
5.273444
7.057934
3.050675
3.51404 
1.481974
1.265402
7.766089
1.276202
6.351314
8.080657
9.508151
6.09425 
7.353296
4.20505 
5.021275
5.976105
2.455387
6.55928 
9.790233
.507753
1.347443
1.858719
7.942658
8.067128
5.970265
2.840275
.844863
6.829836
8.837706
9.840964
3.39431 
7.719655
3.127581
5.091207
1.067134
1.876377
3.956101
5.833238
2.481496
2.219056
.001943
2.483551
9.831021
9.791239
9.051506
6.147444
2.298821
5.051766
8.757243
6.232911
8.643193
7.463156
2.635878
9.687456
3.671818
8.560514
8.133228
4.473253
9.343365
1.794618
9.824452
9.533304
1.243286
9.404353
8.022659
8.689707
9.622334
9.320878
.479477
8.336608
9.388475
3.414382
8.521982
4.632763
7.608259
1.971441
6.634326
8.102557
9.448299
7.510963
2.293485
7.755707
6.510594
1.653115
8.604884
1.4412  
7.579722
.364578
8.602685
9.425254
7.986002
9.308762
6.095757
.891611
9.899038
1.791597
2.787341
5.449168
.436949
9.131912
5.144657
3.581375
2.346036
7.864384
4.346638
7.922392
8.463997
3.074584
1.522834
1.914353
8.48598 
.734445
1.604481
5.426288
.408065
8.265782
4.093157
6.34237 
6.675449
1.09356 
5.127304
4.720871
7.116483
8.650945
2.844059
3.28441 
2.587557
3.239515
2.290922
5.313856
8.372496
6.781248
9.381472
7.200214
6.598141
1.620998
4.298262
6.480281
6.230247
4.721223
2.36698 
1.04224 
2.877247
8.708728
9.276624
.175411
6.879633
7.868746
2.981736
7.369513
3.485884
1.081847
6.645095
6.406237
6.931876
2.795654
.602188
7.200107
.101095
6.896684
8.385065
8.375113
1.700492
7.546939
3.720386
1.389417
7.45319 
.610737
7.109243
3.745598
7.027443
.59795 
2.825413
.339317
2.494751
5.153893
1.558351
5.869165
9.560243
1.25365 
1.966762
4.042869
7.60088 
8.023279
6.454073
.199694
3.039186
6.845162
6.68552 
5.592973
.36448 
8.627934
8.034515
8.694856
1.519123
7.932646
6.654886
6.529048
8.944384
6.273036
9.363264
1.416277
5.048818
2.08261 
9.124179
.122162
.705771
8.73842 
1.702223
2.22807 
8.907894
1.13405 
1.503064
3.053935
7.833033
.048130
4.710362
7.947714
7.180655
5.335757
8.402732
7.485937
.162636
7.210356
1.555122
5.557214
8.301694
7.281174
2.252542
3.873179
3.595631
.393979
8.682194
3.275515
8.553621
9.664094
3.52492 
3.221258
3.405739
7.698107
6.289387
2.750685
1.937499
3.271815
9.49385 
2.914812
5.88662 
5.077304
4.16277 
3.794644
4.048984
6.976483
2.914325
1.542752
4.317829
.448432
1.998591
9.149287
9.134465
3.817254
6.61451 
5.254452
6.859638
4.585793
9.633588
6.241578
9.385631
4.020238
1.226528
8.432754
2.15059 
5.951073
1.33024 
7.069233
9.038949
3.930279
5.025935
2.495431
1.890293
1.383499
2.590306
3.727449
.582619
7.747293
5.398871
7.51194 
1.304983
2.934657
1.223778
7.051932
2.602743
7.581568
1.992519
7.639088
7.264676
6.648814
1.742877
4.963521
1.520711
4.240872
8.775448
7.928382
3.324555
2.677239
.460759
.247521
1.015299
.485683
2.308979
4.738592
8.612199
8.447928
6.101391
1.232095
1.393831
7.219221
.498833
1.610111
2.662   
8.064828
5.961107
4.280799
5.025626
8.201811
.93502 
.225685
9.625618
7.918244
3.956077
8.678462
4.3054  
4.729925
1.06281 
2.586608
.310546
2.734639
3.700297
7.080433
1.391899
9.88942 
6.048624
3.076072
9.0445  
8.394433
6.733808
7.370069
6.2398  
8.421065
9.391033
1.097731
.757994
3.519099
2.303772
1.039022
8.095087
.358842
6.085622
6.225598
4.617951
8.083473
9.15037 
.83342 
9.786698
2.541439
3.760151
9.022139
4.987561
8.830089
.776635
.544787
9.624692
2.538556
5.116936
2.180535
2.990362
4.747015
9.236903
.636903
2.758935
6.794664
.652349
7.173209
5.9733  
2.661338
2.652214
2.607614
6.508614
4.441261
1.830907
9.98968 
1.818854
1.42004 
7.577469
1.188044
.329838
4.189534
4.729166
7.451606
7.906961
4.057368
8.266466
6.90102 
4.883946
4.70875 
5.201246
.995794
6.168176
4.72226 
9.284837
4.532527
.782177
4.724484
6.179356
7.528061
3.827444
7.293054
5.722154
7.424199
.922235
7.526212
6.258892
6.758472
2.271054
2.37084 
9.637079
2.415647
3.833187
4.42037 
3.838673
9.330191
5.263115
7.336574
8.219335
7.733076
8.498564
5.607176
1.936981
1.900591
8.768529
4.823248
7.554686
9.029413
8.041962
6.261117
3.001418
1.24566 
1.857107
5.734444
6.66163 
9.386715
5.573885
2.248617
4.982108
2.969627
4.062969
2.196296
8.822295
7.188968
7.123257
2.62609 
2.301961
4.341481
5.789691
9.702205
.78549 
.905197
4.70262 
6.703332
6.940455
2.466483
9.932685
3.326147
1.211565
5.397038
2.18186 
7.726529
6.64583 
4.57536 
2.249465
3.232955
4.079188
.164822
6.439269
3.178049
.59317 
4.054073
8.458129
8.259235
.314895
1.371746
6.395116
3.5688  
6.932286
6.094864
7.988369
.317501
5.696521
7.462956
9.969749
2.789066
5.740244
6.0298  
7.46171 
5.197985
3.614214
5.947248
8.072965
4.327686
3.042504
7.995187
5.008345
3.564935
7.99674 
5.42181 
4.10555 
9.705163
9.435405
2.411857
6.921442
4.007199
5.447971
9.036006
4.346173
6.980917
3.662972
4.003252
.547755
7.849584
7.447801
5.181885
6.146555
4.397585
6.989103
6.488142
8.682829
9.568292
4.508775
1.978102
9.578308
3.166908
7.698142
5.687296
3.784087
8.433937
3.140458
.918772
1.856715
6.980793
6.048587
6.413907
5.758293
6.769406
.477898
1.697859
1.892104
4.420579
7.340839
4.528977
8.817585
7.089105
3.592544
6.093143
5.175237
8.79774 
9.208244
1.391018
5.157315
4.940551
3.261209
6.925957
6.275495
2.889009
9.683476
9.135318
.896992
3.658182
9.668925
.349837
8.323279
9.717141
6.986094
6.506805
1.298959
2.747986
2.646792
7.198014
.371288
.686507
8.172936
4.293362
2.131706
8.774994
3.092398
6.398981
.844179
2.38036 
6.897621
.601458
7.953596
5.584704
7.121384
4.536929
3.215219
6.726425
6.67612 
8.359137
.389691
7.008945
7.140131
2.421182
5.348221
2.889711
1.196997
2.065056
9.326217
2.075904
5.539478
3.835426
4.496377
5.703271
.041862
4.930259
5.741633
3.780598
6.071129
.847254
3.013155
2.347912
5.232011
6.885923
3.846478
8.030417
2.787428
1.836187
3.45701 
3.999854
1.775422
8.704459
8.968655
3.153696
5.785721
9.68753 
.499107
8.733895
9.230445
.162835
2.634315
.320733
4.782544
3.645778
3.011541
4.029961
6.925361
6.927467
9.074312
.711098
6.14063 
9.564114
3.499121
3.568917
5.85234 
.888454
2.257444
.152261
4.480791
8.20914 
2.557621
1.053782
7.08303 
2.377926
1.383225
.940362
3.942889
6.272602
1.172107
.61768 
.808283
.56294 
.37304 
.934008
9.042396
5.937402
9.526054
4.163186
7.603362
3.664249
7.905513
2.116669
.914471
3.661736
9.315645
6.942368
1.777581
7.805294
4.995952
1.523751
8.291836
9.323738
5.961315
5.091001
6.786353
.397734
8.420634
.87702 
.731086
6.233097
6.549386
1.980536
8.49836 
7.625549
6.678182
4.567238
2.305308
5.634417
9.142229
5.933888
8.449354
8.362932
1.889805
.543722
4.793077
8.383633
.93232 
7.984463
6.265834
2.667936
2.246792
5.052536
4.262905
5.463466
5.50183 
3.922429
2.029005
1.996215
5.68951 
9.399946
8.932599
3.061564
5.356311
3.684014
9.522264
.042857
2.642739
7.181628
5.62957 
8.848566
4.981439
9.494809
8.242165
.003826
4.847678
7.764768
8.091184
2.611708
3.417521
9.098361
.750667
8.410056
2.001607
3.311617
.777046
2.619641
1.116465
7.333596
9.978516
3.445305
.881286
2.174843
7.399784
6.753048
1.481724
2.493976
6.548726
7.118911
7.790025
2.339467
7.845704
7.375848
9.656295
3.845302
4.842808
.884349
5.895727
3.89962 
5.730117
3.174366
9.58149 
4.331138
4.914892
5.730398
1.340608
9.358738
2.521344
9.581892
2.441666
5.176604
1.117972
.146843
6.831492
3.976165
5.610955
6.590824
3.891087
3.953164
2.503299
6.644909
1.96914 
9.764369
1.436016
8.35395 
3.88977 
3.167848
2.784728
6.393494
.183742
2.806181
3.170142
6.643836
6.413863
3.041822
1.038474
4.349498
6.345668
8.915906
2.809927
6.407367
7.654286
9.431565
.751532
6.368216
1.853703
5.023597
5.990697
4.059254
7.925745
8.602579
3.983399
8.582627
6.163018
2.344345
1.515226
8.816252
3.548218
9.221997
9.141057
.556772
2.976127
1.193684
3.010431
7.282852
.105156
7.747787
6.213409
6.354225
6.821506
2.476354
2.586504
3.934561
9.154305
4.882339
9.89088 
8.326411
8.209548
5.948842
9.916021
6.963068
4.985073
3.312944
7.126833
3.022985
5.495369
3.791405
6.348939
7.683894
4.776163
8.310615
1.918356
6.657389
.66894 
2.039316
7.594968
3.228713
8.328657
6.840184
.825467
8.407354
4.335065
9.472915
1.906806
4.190283
5.952746
5.85161 
5.776953
1.329466
8.74088 
1.13586 
1.575916
3.973401
3.248072
5.555763
2.47933 
9.674603
3.074984
4.376264
8.761826
4.243526
6.557009
9.87773 
9.395587
.66659 
7.820336
7.363555
5.710742
9.856726
1.731093
8.174035
6.38367 
1.560938
2.150298
.705866
.069636
7.550676
7.628714
1.172897
2.033599
.388579
1.087677
6.389198
9.512223
5.612508
4.608433
.540486
6.320022
7.974815
7.450012
3.694735
9.436915
1.081471
8.643515
5.883932
1.272971
6.167538
8.442317
4.481034
4.080507
1.454329
2.361341
5.522528
9.551431
7.258292
9.00435 
3.752897
9.541872
.647279
8.371601
2.760708
3.612718
6.474183
1.51929 
8.162779
4.389681
3.39561 
5.026998
2.725266
7.742509
9.380509
9.990647
4.333007
3.082313
4.577615
8.667893
6.972815
5.291158
8.325254
3.577061
.027923
6.273787
2.531567
3.480026
7.843919
4.380693
8.156508
2.710484
9.435661
8.779836
8.780823
7.096166
4.645973
3.700703
4.26925 
7.506184
8.985188
9.206628
2.497768
6.533416
2.818594
4.865394
9.016414
4.713908
1.153505
9.145884
2.532043
3.867801
.738564
2.872762
4.221064
.087131
.872139
3.355877
9.977491
5.017645
2.699129
4.97111 
9.629311
2.995249
3.16032 
8.41046 
5.522373
.650614
5.064125
8.913431
5.891659
4.350642
6.340184
1.938091
5.251634
4.540689
.492189
1.728757
5.930236
7.26463 
5.780843
2.837114
2.198986
6.880865
4.541788
.784704
9.019354
5.573113
4.949964
3.723807
7.202002
5.830568
9.497338
8.521727
6.568882
3.727503
7.516383
2.0908  
8.670474
1.823296
1.864082
6.686067
9.900901
5.806119
1.309041
8.146863
2.264413
8.073199
9.204145
2.828367
6.210221
6.352456
3.429938
4.227037
7.545439
.321975
3.557586
3.79706 
8.07122 
2.419253
2.819483
2.476166
7.866359
9.394549
4.389708
7.22397 
2.598972
7.540782
2.5007  
9.31082 
9.773264
6.397445
.620636
6.354508
5.950073
9.402968
8.988151
9.258637
6.125678
.166561
3.921836
6.669021
.827981
9.323516
5.523593
4.112693
6.736008
1.894408
2.611782
7.58339 
4.341929
7.846915
2.946371
1.802378
6.797594
6.333519
6.614983
9.220014
9.861383
1.275496
5.207573
3.144397
3.319631
8.929185
8.544444
2.740747
6.417021
4.272254
5.957892
4.772406
4.898868
3.384698
1.347724
5.902383
.633304
5.462107
3.352977
6.390743
.437016
5.777414
6.636609
9.369818
3.134465
5.168216
5.392998
4.196855
8.435851
9.439036
9.678334
.722007
2.776865
3.306184
9.751187
3.392506
9.05938 
9.944878
8.134126
2.189701
.325332
9.74351 
1.602703
5.724139
1.060942
3.187152
7.53522 
8.359791
9.594596
8.061182
6.597759
2.551354
6.379512
5.173444
4.280133
.456752
8.373316
.660691
4.501086
9.267365
6.942842
3.747551
5.30249 
7.774133
4.799089
2.255097
1.927162
.520637
9.314389
1.315323
2.934617
2.077152
2.954573
4.631876
8.104842
6.754492
5.348516
5.588589
4.029099
1.539412
8.110941
2.91908 
6.71204 
2.801629
3.108419
9.216742
7.125062
6.548768
2.698547
5.23206 
9.678002
8.191722
9.946131
9.604364
2.462271
2.185485
9.793088
.050111
5.964938
4.168281
7.503455
2.305075
4.849979
1.462442
2.968218
7.846874
.69921 
2.174068
2.269596
7.492874
7.272272
7.392186
4.445078
.268715
1.796426
8.677913
1.823523
2.514386
8.821598
5.744204
2.771429
9.448948
6.44031 
8.154427
3.575221
.664106
4.270276
4.16329 
2.266388
2.237058
.508508
4.504233
7.984888
8.357496
8.931969
1.990917
5.901241
6.735743
9.832501
8.404145
9.731525
2.743602
9.204531
9.826811
5.763767
1.187277
.594503
2.994688
5.59223 
7.463803
9.754233
7.025712
4.168475
8.840747
4.40703 
9.109371
8.785971
8.240195
5.133075
.577454
7.033389
7.2304  
6.719064
3.174745
1.848758
2.033553
7.094937
4.494194
3.155584
.678015
8.154226
6.301227
5.308848
3.637604
6.654402
2.75931 
3.970379
6.407164
6.958005
9.64037 
4.19734 
3.177504
5.311907
9.214241
4.665347
9.92877 
8.790664
6.954817
5.696601
6.944664
.108208
9.412149
1.592816
2.832771
1.498811
5.900517
3.806687
9.394878
5.578209
8.595427
7.391605
7.102387
7.897376
5.814492
7.878005
5.835738
8.057697
.939433
1.169035
1.471198
5.410106
2.009128
.699448
7.555561
8.482196
7.406057
7.045198
7.305216
7.482386
9.639293
9.521024
6.615317
3.029938
8.114621
4.23133 
9.558226
3.060234
.13335 
9.34867 
3.837848
9.119805
.542637
5.811351
3.50541 
5.794617
1.690138
1.773584
5.302345
1.678122
6.047669
7.847871
1.331458
.067031
5.742088
6.884328
4.978686
.173145
8.73497 
6.642657
5.154209
.954385
6.09253 
8.073668
4.794501
3.73774 
4.195579
.821179
.755949
3.228521
1.896118
9.096459
3.494178
5.942074
.096941
4.891539
3.37764 
1.212236
8.407085
1.571105
1.827145
4.38772 
7.947866
5.02809 
8.885572
3.272849
5.751072
5.267984
4.630555
8.471064
5.425551
7.762281
4.716335
4.968578
4.249886
.776367
2.116704
2.70855 
6.422619
5.675313
2.900986
4.640321
.120646
6.795487
5.162071
.774182
8.80223 
.83869 
.567517
.012357
5.000327
1.991024
7.797035
5.544322
8.64151 
3.421639
8.007692
6.9824  
5.348621
7.645013
8.681933
9.384743
7.06579 
4.865623
6.154595
2.846731
1.587737
5.394905
.374434
4.166491
5.37733 
.681666
.247085
.695371
4.373008
.014657
4.33364 
4.027978
8.171549
1.094241
4.112769
1.121838
4.964913
1.892818
4.220577
9.2129  
6.321788
1.416084
3.008355
9.40718 
6.089309
3.593399
4.781637
6.743831
.034159
4.287968
9.778676
5.26797 
3.104004
1.368333
2.119086
7.165471
5.292325
5.095827
1.649451
3.679363
7.166383
.417697
6.886806
8.09971 
7.984587
9.146681
6.398032
1.374841
8.408224
9.891614
5.341834
9.7005  
4.634154
5.931627
3.657291
1.712016
4.58182 
9.017507
7.761549
6.015066
3.724007
7.345434
8.903583
6.811998
5.531192
9.767128
4.973591
7.391233
7.517355
1.427467
3.782812
3.847523
1.342796
2.640619
1.711105
5.594443
5.215145
1.393664
2.557429
.769531
7.090945
3.214282
6.272051
7.26938 
2.12965 
8.132244
1.501628
6.070935
1.057464
1.26536 
.840333
.782255
6.968509
.459663
9.746674
3.100496
7.640119
8.72844 
2.658025
8.425275
2.638344
6.445344
8.098177
.73808 
5.158686
6.322392
8.771211
9.14248 
2.638262
7.041657
.224926
8.888905
.788448
5.561751
3.290893
3.824017
7.669773
6.994234
9.691353
6.401485
4.603129
8.797337
8.685105
5.615924
7.912686
.254661
1.268355
3.066207
5.789503
6.369019
7.568659
3.62772 
1.939397
9.375633
8.457262
8.404117
5.44772 
6.296083
3.214046
2.862872
4.964965
5.014039
6.366459
8.299935
7.502364
2.531798
7.747676
4.068203
5.401247
1.201821
7.94747 
6.922679
2.324671
6.457199
1.625581
9.246328
7.909822
3.232159
1.970266
2.036643
.434204
4.261744
5.255373
4.663538
1.689171
4.140462
.828242
5.180342
1.385236
4.425166
3.035732
4.611013
9.771354
2.64345 
7.481705
7.381828
3.122576
7.816461
.843208
7.828516
4.360816
8.933456
1.385506
2.390075
1.399851
4.846816
.555584
.10265 
2.523291
8.650574
5.430623
6.456643
2.369244
1.367436
3.124232
9.161496
3.799515
5.589407
3.040607
6.815692
6.079423
4.025933
3.133518
7.957483
.103402
3.796773
2.438032
4.345461
7.499704
5.95981 
3.901431
.705661
2.054271
8.024557
8.514345
8.445359
3.150384
3.871676
7.023666
7.201648
5.665113
9.798064
7.246794
5.738525
2.743286
4.44018 
8.515932
8.337092
6.053168
3.480512
.853946
7.908075
6.228578
9.391032
5.40564 
9.538202
9.133058
3.474796
1.769719
.135901
9.674381
9.734791
7.426405
6.875154
5.600821
3.788031
9.357761
1.827708
.56943 
1.601092
8.372484
2.017252
8.073595
4.726033
4.740888
2.235509
9.583425
9.447623
1.811615
2.838282
7.636562
7.944396
2.156043
7.817746
1.777761
6.422903
9.924318
8.535193
1.188017
8.97905 
2.221811
7.932587
1.740697
5.29998 
7.324931
4.177345
4.397369
9.714792
1.789304
1.074854
6.555825
.879834
.825607
5.731516
1.714277
8.065875
3.646961
5.733034
1.343149
8.915673
4.101819
7.265876
7.92084 
3.724384
9.763553
2.848264
7.611409
1.027031
8.756093
3.081886
1.02072 
9.094266
8.614238
6.639952
9.641011
.541679
6.268365
8.27754 
1.714639
.782865
8.042484
2.622543
4.416331
6.63784 
9.840219
.694211
1.095465
1.01291 
.172533
7.026229
3.723792
5.420999
8.97728 
9.618436
3.240347
1.950938
2.343082
3.493481
8.387912
5.378444
8.464545
7.393963
4.786996
2.807482
3.908696
3.583931
7.610274
7.557375
9.154029
.642335
3.257802
3.212468
9.379061
7.133907
6.11227 
4.356314
3.630054
8.529958
9.489352
6.977436
.855544
.738156
1.862678
5.327449
1.329853
5.816315
2.632547
5.848017
4.017884
7.968187
4.904236
3.633892
5.624314
8.877262
6.812701
2.360186
2.359058
3.201208
9.905607
7.356947
.519075
5.348714
.403375
9.754088
7.068638
6.914463
6.080892
7.302599
9.49143 
4.587809
.026279
4.774848
7.537291
8.881558
1.889697
3.330972
3.954263
.939533
.037425
4.336209
.614004
6.053459
5.118756
.355753
7.333102
3.0019  
9.9653  
2.355028
1.502965
1.257118
1.802066
5.138833
.385687
6.922302
3.029852
9.478802
.828937
8.104704
4.20883 
2.895406
5.900042
9.998952
4.655574
9.606403
9.885749
8.185284
8.456911
4.638311
6.530783
.524528
9.637276
2.277513
1.90174 
7.166772
7.218757
9.949915
8.463835
.692112
7.73955 
4.961776
1.51454 
2.832572
.92358 
.781023
6.15945 
1.690775
.772855
2.765659
4.611117
9.034425
7.429718
1.082183
3.359351
4.704047
8.477464
1.715048
1.642187
7.507108
6.532085
8.69884 
8.467204
.787483
7.650358
8.610615
2.368148
4.894203
2.556168
.863399
2.35905 
2.227922
6.396534
8.998412
4.016985
6.30534 
4.599812
.334878
8.338989
8.472366
7.898961
7.977437
9.591691
7.162451
6.286156
6.731296
9.864039
5.651162
4.864107
9.307775
4.722969
8.332402
2.588466
1.98628 
4.871585
5.931351
1.615506
2.758511
7.985322
2.847039
6.06817 
.411826
5.187679
2.798664
.15948 
.912192
.897379
4.351527
7.058177
3.447459
4.442841
.583192
8.716504
2.979327
1.1945  
2.174587
9.005705
6.051369
4.915329
5.148538
1.988876
2.696791
9.930451
7.048367
8.025199
8.171248
7.139204
9.7793  
.654067
5.163268
9.677365
3.107212
9.106246
1.932224
.165807
6.671768
7.091721
3.077115
7.52546 
1.555204
3.00611 
3.771166
2.870005
6.679444
.191179
7.956133
3.937571
.969512
7.735721
8.854697
4.846553
3.34458 
1.450416
3.524611
6.669485
5.813901
3.43444 
7.241227
5.095144
5.090951
1.481669
9.665368
6.82663 
3.292041
3.064731
5.772945
6.61237 
8.364951
9.590005
9.00562 
5.72959 
6.247822
2.100858
1.485711
4.020068
8.89343 
1.896295
3.932623
.064696
1.586513
5.542063
5.65619 
.514051
6.659112
5.740527
1.559625
9.522478
7.503013
9.196217
7.276647
1.82998 
5.092336
2.558455
5.531151
1.252829
3.529445
2.667116
7.649107
2.430095
6.888134
2.110017
8.215591
7.847369
4.344785
8.565613
.84206 
7.746262
7.586492
5.469126
.687413
.745202
2.206774
.359059
3.097914
8.651675
.303298
6.448176
3.465738
5.255204
8.921038
9.264562
1.069739
5.657291
5.080951
3.013306
7.778098
.311826
4.430523
4.565403
3.026025
5.151692
9.184855
6.705348
3.458948
9.981826
5.536346
2.834311
.919103
3.665879
4.38589 
.541017
3.091303
7.279551
2.957646
7.780128
9.166847
5.361717
2.815802
.868435
1.145857
8.162293
8.735731
7.7446  
9.8878  
3.119401
6.002772
3.399759
7.333266
6.187473
7.080742
1.736078
6.445154
8.59957 
6.442464
9.281348
6.218878
1.096487
.516979
8.874202
4.211291
3.956853
5.288036
3.24029 
8.897542
5.98494 
3.054997
3.570885
6.771588
4.361347
.48188 
5.232075
9.528725
2.638091
.388733
8.567482
5.156602
9.81334 
4.766388
6.204456
6.557935
4.332451
4.459511
9.054214
3.23576 
2.008345
5.103596
4.244156
7.369031
5.14388 
5.991313
2.612568
9.716483
.178829
7.324152
9.126158
6.081692
9.635919
6.078396
1.099477
.956698
9.664168
3.82294 
3.794547
9.00919 
1.917739
7.783808
2.341261
9.935378
9.717059
1.158196
6.211577
1.142403
6.805219
4.964341
9.780654
4.622483
5.363694
7.675643
1.929047
4.163736
1.827613
.034276
3.195905
5.906719
2.490019
7.267744
8.723347
8.602031
5.306006
8.826033
1.464437
.226331
3.710573
1.725704
1.332581
4.73966 
7.378399
4.623745
.922485
7.383109
5.111954
6.499086
9.445721
4.564404
6.283536
6.668824
2.857429
5.935917
1.712353
9.289069
9.158744
4.975266
2.590308
6.820618
5.916135
6.10088 
6.552909
8.605303
6.367983
3.264443
9.946301
8.285725
2.025571
6.025285
7.381339
5.673497
3.398917
7.311602
9.737127
5.490696
9.857184
1.462352
1.219834
7.061257
9.413162
4.246453
7.777734
3.850559
9.198811
7.451665
.93494 
2.080356
8.107579
.714147
3.43803 
6.846398
3.945237
1.194716
6.806497
9.119457
3.220589
2.04809 
8.686867
2.771993
1.291537
1.962057
9.692278
4.061574
1.353132
4.178439
1.772704
3.583527
9.565335
3.059059
