.74761 
.189796
.61117 
.235596
.194628
.057053
.218326
.001244
.162679
.695386
.192368
1.697208
.151906
.432583
.112149
.187314
.111709
.035235
.954417
.282204
1.088944
.003591
.093192
.593041
.275166
.411969
.039557
.317155
1.339191
.087444
1.065717
.154625
.128569
.512696
1.099047
.269671
.634976
.443861
.478505
.008404
.19407 
.211706
2.032593
.006379
.604729
.027063
.199442
.038616
.136346
.560655
.20391 
.143365
.289162
.393617
.366689
1.122922
.325868
.245299
.060752
.055608
.406639
.539463
.396817
.38179 
1.93977 
.357194
.587998
.451641
.075765
1.42772 
.150054
.080202
.639963
.438795
.48952 
1.422062
.121802
.150056
.705145
.019403
.397944
.091951
.270696
.551432
.228866
.333473
.363311
.603745
.191354
.563811
.639131
.496829
.034117
.741957
.302553
.182443
1.419896
.490066
.048850
.187526
.87925 
.296458
.082491
.936414
.439208
.192554
.664645
1.109988
1.131818
.782516
.008019
.564908
.183282
.435165
.225197
.257878
.147538
.795865
.508779
.301965
.527993
.278333
.110107
.693633
.175908
.281977
.21159 
.693858
.587382
.64062 
.037475
.044419
.18393 
.102027
.343384
.28572 
.670968
.286638
.225136
.123296
.484519
.032323
.338309
.322243
.057435
.235673
.039529
.159025
.237088
.148475
.032551
1.020085
.745667
.277689
.195344
1.548435
.942417
.244594
.448738
.47603 
1.036054
.165737
.131754
1.350767
.044912
1.151429
.295663
1.098518
.060608
.38919 
.573641
.041999
.266916
.598857
.16377 
.583204
.093747
.355476
.725668
.133401
1.491766
.051023
.728656
.872621
.368651
.550342
1.179622
.051976
.429079
.156944
1.369201
.045403
.507998
.194398
.843437
.284509
.607068
.602537
.382255
.153417
.200954
.818091
.016736
.854766
.687386
.753376
.49332 
.477866
.069882
.048923
.126495
.480265
.100685
.205134
.294322
.041811
.429583
.200245
.39118 
.369754
.071774
.257334
.561434
.052982
.231495
.369805
.237569
.452066
.242316
1.276113
.135358
.961988
1.059815
.017493
.381716
.450663
.001460
.136234
.160344
.112699
.22581 
.035557
.280611
.686355
.108951
.021854
.330281
.364064
.227786
.039429
.117579
.343064
.27668 
.045676
.041371
.512015
.782469
.699421
.286373
.162152
.287774
.603259
.154421
.358275
.214991
.026896
.085444
.067915
.465997
.569415
.14264 
.016167
.593455
.204834
.185774
.047063
.176577
.26776 
.075183
.031222
.153683
.013345
.267222
.430819
.014675
.267428
1.427107
.272293
.309654
.231002
.002940
.030289
1.613169
.242607
.092033
.18557 
.026888
.217646
.101792
.027378
.124068
.896698
.457939
1.794867
.393526
.111   
.260689
.264133
.302741
.535603
.912499
.576771
.124003
.241942
.824178
.140947
.442805
.042426
.484983
.119097
.149085
.347822
.340053
.13517 
.270855
1.190138
.528775
.292432
.091945
.399762
.042539
.205475
.739511
1.062026
.069417
.254249
.841704
.695441
.201491
.063552
.347651
.045666
.199973
1.265979
.803317
.055148
1.849196
.279962
.749204
.482596
.824531
.028351
.045688
.278017
.193565
.026255
1.1913  
.089423
2.447321
.023747
.047289
.891818
.491414
.270033
.800785
.231457
1.105895
.464788
.232824
.523269
.420068
.038136
.155118
.359925
.049629
.403734
.122381
1.382883
.501396
.516657
.027849
.183278
.096231
.192211
.287896
.080832
.368162
.051346
1.055783
.495295
.425865
.768276
.132047
.203763
.291182
.223544
.459051
.269019
.412628
.23227 
.530489
.932539
.184675
.309374
.643328
.445986
.885825
.11789 
.353816
1.473574
.314386
.446078
.323572
.322728
.439925
.106375
.256865
.630148
1.225388
.246404
.285142
.053713
.409024
.337115
.034194
.052627
.084106
.22978 
1.12664 
.220624
.545529
.595532
.008739
.670806
.027620
.094599
.230035
.099421
.092342
.682227
.828712
1.026681
.019660
.050153
.033582
1.382811
.1185  
.62823 
.233443
.751764
.182184
.791352
.683835
.293369
1.006662
.054201
.317252
1.797825
.629581
.32505 
.030809
.32891 
.631131
.080732
.302154
1.280941
.119703
.33602 
.149156
.078965
1.482347
.020736
.146091
.473033
.001421
.679158
.929245
1.866824
.054955
.897826
.017822
1.195573
.201269
.253677
.225781
.354756
.291284
.913471
.299038
.232977
.091265
.255951
.01982 
.34345 
.14296 
.366329
.239461
.053546
1.148908
.318395
.124685
.274529
.057529
.223768
.638071
.071292
.165606
.200983
.044452
.216563
.006989
.353587
.102328
.904815
.078144
1.075945
.133006
.035801
.080090
.051323
.033153
1.164394
.441172
.021464
.262172
3.80103 
.403464
.349059
.896229
.020972
1.728105
1.285959
.57492 
1.764247
.615424
.379748
.676516
.04031 
.024437
.772866
.208935
.034087
.189318
.139701
.022075
.123227
.284385
.861057
1.080409
.17646 
.232745
.678957
.812838
.194902
.051729
.254986
.320718
1.083721
.328096
.253935
.2512  
.061631
.493476
.020729
.521526
.272173
.049639
.010871
.076363
2.515418
.793728
.192546
.127892
.748787
.064019
.199502
.068030
.475828
1.412793
.026163
.6405  
.233596
.075625
.173486
1.463883
.501709
.026563
.974566
.225361
.192633
.141215
.580405
.019327
.724415
.272547
.613519
.410839
.124322
.933714
.491373
.440347
.864791
.412485
.381396
.940859
.008142
.101494
.455326
.915691
.704314
.546058
.123926
.84554 
.24295 
.380258
.244171
.15673 
.050551
.035596
.096580
.035226
.189623
.017256
.209883
.015227
.217376
.214454
.331286
.199843
.290816
.149248
.15163 
.128858
.046550
.571689
.057655
.132496
.116117
.470483
.414749
.616943
.185632
.273631
.079965
.396745
.033229
.459157
.149501
.029199
.023576
1.04612 
.641528
.183148
.634319
.359195
.458904
.91879 
.077785
.961847
.334225
.271201
.208276
.325303
.468689
.412117
.404336
1.064012
.008964
.321254
.485231
.128926
.245655
.719271
.335055
.394073
.363341
.404453
.815851
.387552
.13946 
1.049739
1.237157
.040525
.288084
.141119
.081275
.116675
.441628
.445375
.820908
.074068
.805313
.367433
1.143795
.136005
.091274
1.771285
.031507
.181092
.451718
.034240
.673249
.021441
.390192
.009584
.46154 
.133606
.202429
.046890
.179786
.101206
.018899
.362441
.302075
.142254
.046933
.009086
.156184
.403601
1.908528
.313467
.033822
.076772
.522694
.388778
.000674
.096415
.103837
.306672
.003778
.018484
.256829
.031759
.027577
.520203
.904125
.697345
.089186
.097084
.023582
.485335
1.103937
.068049
.109335
.549961
.367614
.033396
.493593
.437826
.133735
.615147
.069851
.079840
.223901
.303583
.014780
.11913 
.210313
.297254
.37477 
.015296
.138538
.251139
.342264
.231872
.173171
.285314
.063733
.541802
.078813
.235891
.155713
.311087
.590718
.444605
.099465
.269691
.373783
.041538
.190999
.027264
.918472
.193848
.131552
.092463
.045926
1.025634
.077898
.184505
.002920
.251839
.120062
.426069
.36571 
.10561 
.030217
.037892
.24998 
.205551
1.002494
.535597
.226385
.255838
.880103
.016239
.145752
.005714
.858763
.50546 
.021931
.254899
.031823
.012864
.122315
.036186
.186998
.010947
.563011
.144245
.545053
.034283
.61991 
.438926
.274931
.005712
.292765
.167499
1.215979
.11181 
.561468
.83963 
.377516
.231326
.458147
.265214
.157592
.344727
.268176
.450048
.356732
.40908 
.368176
.403397
.271572
.553544
.450152
1.514972
.086005
.169695
.836002
.375253
.425591
.103498
.339124
.434158
.003435
.649338
1.944534
.193367
1.855703
.983249
.108903
.407668
.812738
.625674
.410882
.563231
.398455
.067238
.324423
.331528
.47534 
.639251
.536677
.626568
.006517
.923228
1.198563
.192388
.38246 
1.011621
.081756
.141889
.021447
.638141
.177662
.528352
.415011
.516913
.503121
.576928
.270204
.239389
.625079
.136956
.101808
.448105
.688492
.657084
.45601 
.777827
.245146
.729042
.163693
.244917
.530881
.599614
.483767
.266236
.973754
.684165
.091218
.520611
.522059
.038191
.038438
.423547
.102219
.662054
.125351
.044695
.265855
.026019
.451498
.256311
.293289
.808557
.443068
.226646
.660509
.10119 
.125153
.451103
.050134
.222072
1.094688
.101698
.585207
.790708
.234482
.001848
.324974
.535194
.108637
.120165
.102995
.539539
.455819
.456286
.60885 
.214571
.101747
.081708
.141844
.179882
.689912
1.335378
.131004
.763781
.164651
.224021
.705108
.806989
.121798
.449748
.047607
.115125
.336248
.095138
.359623
1.405441
.364864
.329998
1.29666 
.323217
.256751
.037432
.138947
.091774
.005131
.023607
.203657
.038290
.47764 
.027520
.621667
.779703
.201996
.897272
.181441
.37965 
.178588
.053159
.263497
.352551
.069898
.205375
.782825
.441474
.084585
.267448
.488639
.247569
.850099
1.237846
.482945
.034926
.639945
.002775
.783752
.026110
.066745
.065646
.702773
.278887
.692454
.033554
.133257
.007116
.049709
.083316
.524842
.38821 
.132735
.322419
.109881
.372477
.259372
.003543
.301185
.16978 
.094446
.317302
.876254
.52711 
.013682
1.66875 
.316013
.717802
.150149
.034499
.47096 
.375981
.077636
.090810
.105483
.10787 
.663685
.207214
1.262371
1.117716
.079995
.341479
.526949
.160556
.099149
.570189
.022596
.31357 
.096630
.377802
1.102227
.054158
.160714
.753761
.190998
.056460
.546853
.237765
.195771
.115897
.994189
.067099
.228615
.37317 
.073311
.070870
.398472
.582203
.432876
.019013
1.169318
.142084
.146913
.53843 
1.488031
.2422  
.883316
.125109
.219405
.090576
.251897
.057105
.040223
.641059
.033064
1.069499
.332691
.122919
.005812
.653437
.46371 
.691885
.053038
.028359
.131732
.386384
.48187 
.554395
.045980
.656917
.517042
.463192
.337413
.135734
.575833
.752474
.012323
.139602
.400174
.877385
.433115
.430882
.225698
.193401
.048940
.240366
.49515 
.436237
.301157
.126384
.116983
.625193
.014179
.074743
.092778
.386836
.31096 
.18874 
.005698
.530478
.419267
.448253
.337935
.079116
.195217
.233946
.667187
.113625
1.503995
.928316
1.424217
.146744
.530638
.744054
.109917
.029997
.336286
.310229
.262617
.166145
.006248
.834296
.059635
.795003
.162185
.170292
.032462
1.544516
.554166
.078703
.23458 
.092816
.162895
.456343
.928836
.773246
.121233
.022699
.200313
.226327
1.272313
.566379
.006342
.088519
.031685
.633169
1.46566 
.098777
.456777
.359488
.531272
.363763
.576071
.622517
.055081
.428505
.563183
.607131
.393739
.644302
.330322
.393813
.410548
.902417
.119316
.511222
1.953194
.181589
.265663
1.21911 
.433163
.162391
.578255
.025030
.439303
.597846
.14066 
.536749
.220627
.077641
.420579
.343484
.135377
.154299
.385903
.056976
.015169
.108872
.128516
.017674
.060861
.143874
.261016
.213492
.098938
.028737
.843241
.163017
.275235
.164226
1.112341
.015086
.225946
.039034
1.008731
.761423
.056120
.676224
.04482 
.169244
.062218
.254422
.436587
.847877
.031926
.102348
.269825
.163398
.596727
.215494
.039659
.426196
1.019718
.792965
.620356
.209365
.696807
.342098
.100732
.072139
1.030493
.374538
.639999
.227626
1.00098 
.242176
.303784
.331258
.322199
.256685
.868609
.600061
.310262
.452612
.692008
.43463 
.527839
.435671
1.625609
.190267
.384817
.315428
.015472
.168448
.1703  
1.270395
1.055811
.997418
.230052
.008204
.681833
.263092
.652351
.013810
.069389
.155743
.92414 
.022329
.267183
.212638
.001978
.880166
.216283
.10946 
.341676
.633052
.252778
.543272
.970943
.631286
.074339
.170362
.458464
.831079
.339394
.252297
.466502
.010927
.593143
.006701
1.22128 
.004655
.552895
.323149
.371722
1.062692
.122342
.286981
.327491
.312068
.169019
.160577
.007150
.051751
.230421
.133724
.050918
.183285
.34777 
.296194
.01241 
.569093
.176494
.012680
.193031
.125898
.205054
.224222
.254477
.694279
.004109
.778239
.039338
.365693
.11269 
.307484
.660002
.353488
1.110698
.057480
.652382
.187524
1.191809
.173479
.217918
.666325
.67181 
.814511
.965594
.203141
.301411
.358998
.024864
.424223
.067632
.966865
.367029
.32448 
.053138
.032280
.920841
.185021
.354165
.181975
.8331  
.529106
.445891
.303499
.271771
.240695
.029180
.249582
.296069
.206264
.183806
.994421
.19849 
.735324
1.001687
.14832 
1.045452
.333603
.419319
.034184
.098077
.365091
.782946
.170349
1.046655
.688942
.191216
.754623
.251085
.620743
.87667 
.206824
1.086831
.212898
1.629577
.004793
.227671
.088368
.632287
.648366
.157241
.092328
.082909
.47221 
.196052
.037937
.782645
.546257
1.787204
.059756
.056492
.54266 
.204679
1.273835
.011083
.100278
.160937
.763602
.097564
.484979
.325194
.176317
1.053444
.185477
1.262696
1.594633
.020199
.956128
.45282 
.13319 
.25003 
.463422
.039983
.007937
.050107
.383773
.162056
.242001
1.872639
.267366
.010857
.458674
.605005
.081041
.084894
.302043
.206664
.177866
.135182
.213078
.437544
.290271
.30653 
.20666 
.626488
.218563
.442015
.111028
.095482
.150843
.449667
.024680
.520383
1.43417 
.326024
.072255
.668526
.262104
.183294
.320283
.584734
.252407
.205547
.749801
.557386
.977506
.012235
1.030918
.111626
.93705 
.094979
.236753
1.526356
1.027821
.19017 
1.487789
.451222
.222762
.801333
.938437
.289993
.433365
.319447
.600373
.34438 
.253547
.000325
.180624
.120193
.185421
.033055
1.035509
1.134162
.166895
.016934
1.041001
.105357
.152865
.041920
.270683
.053121
.605463
.098136
.737918
.279283
.272845
.044191
.175289
.6205  
1.195619
.039868
.209199
.030612
.050939
.33192 
.239749
.359967
.135958
.011401
.037461
.538106
.038836
.014469
.113646
.176449
.072253
.244194
.868858
.007814
.709431
.908774
.31615 
.943357
.070254
.966301
.135447
.326848
.090772
.348206
.018576
.652163
.13228 
.046308
.566927
.821317
.043744
.281393
.219511
.285968
.585419
.67846 
.036806
1.151688
.413895
.305943
.676459
.33524 
.167283
.452558
.641845
.015704
1.257617
.136188
.959897
.387695
.061505
.255998
.212613
.481993
.146674
.118961
.144947
.040897
.914211
.237851
.630649
.010740
.161183
.265965
.125816
.077550
1.007938
.138091
.168782
.197652
.184343
.075901
.149677
.743318
.049237
.846638
.065005
.111552
.402746
.292644
.403526
.488609
.372691
.062625
.048715
.427479
.23528 
.035360
.54443 
.310449
.063736
.185204
.153244
.191507
.866576
2.729855
1.68461 
.42395 
.61447 
.005798
.260561
.120141
.800094
.123797
.10582 
.111418
.326388
.358651
.350115
.444277
.401923
.075295
.063492
2.376388
.146881
.40531 
.122812
.825788
.32215 
.193635
.096941
.024143
.660054
.446934
.458166
.029677
.329161
.100764
.109752
.208445
.780343
.896999
1.00128 
.027107
.049943
1.252268
.842403
.962665
.033093
.174245
.252603
.14293 
.540837
.199344
.225714
.980302
.993344
.762687
.292277
.084814
.606478
.415449
.156936
.019754
.007876
.571615
.423474
.457667
.766665
.443819
.276638
.404039
.615078
1.054428
.203671
.054946
.194968
.309696
1.264361
.113976
.204662
.514534
.087042
.680582
.654829
.063274
.27195 
.342798
.248597
.028644
1.451809
.483711
.404172
.572348
.422742
.432072
.250648
.444507
.690749
.650123
.175641
3.567751e-05
1.174839
.812127
.224491
.414377
.164607
.143896
.047164
.849523
.404761
1.064119
.342775
.026936
.5155  
.084738
.696538
1.942428
.22653 
.003727
.022087
.037163
.107932
.064490
.578165
.711633
.566929
.115051
.821798
.15116 
.297841
1.350065
.86823 
.127343
.027559
.322394
.034189
.918394
.868541
.286079
.371365
.243765
.175441
.59986 
.241079
.146428
1.423665
.049955
.10902 
.766652
.341764
.237228
.025006
.277147
.277941
.480971
.24952 
.075904
.542275
.538496
.466912
.08667 
.049118
.009691
.200818
.046263
.067695
.330378
.167691
.043876
.296762
.348834
.82903 
.066235
.467153
.568546
.219233
.454273
.617159
.248203
1.365346
.279452
.443461
.957645
.089409
1.165807
.66531 
.289933
.102785
.434671
.279802
2.265322
.421793
1.009238
.480695
.342401
.620349
.514225
.583661
.019945
.358978
.846772
.101345
.466622
.343739
.169544
.623159
1.97279 
.021424
.336689
.137091
.930117
.129785
.185877
.390338
.058212
.833995
.055407
.542249
.804294
.447959
.435284
.010477
.090322
.067564
.111196
.449464
.103408
.164074
.73686 
.082005
.834266
.048119
.378206
.362622
.635326
.276957
.074822
.439129
.154412
.356904
.330895
.531513
.348431
1.183056
.160595
.037094
.943753
.103781
2.288297
.858229
.082257
.994507
.956282
.122433
.247852
.024202
.27572 
.292462
.010896
.071785
.175529
.238344
.771073
.008980
.118884
.238936
.288617
.432279
.44054 
.414615
.282155
.102911
.120722
.051382
.221447
.360871
.737623
.197848
.135734
.553861
.60992 
.527621
.366397
.054784
.225939
.001266
.154985
.185864
.307084
.2275  
.191476
.067284
.146202
.053543
.140773
.244163
.114345
.329437
1.0233  
.278335
.035317
1.833714
.070918
.370151
.192659
.046666
.245486
.104176
.353175
.386443
.16984 
.739676
.307428
.341611
1.071388
.632015
.054118
.050146
.247268
3.147535
.074536
.090209
.159981
.263931
.447564
.35473 
.251953
.1003  
.229461
.846389
.70989 
.238862
.400471
.264742
.069229
.57847 
.094805
1.410609
1.230014
.233471
.554641
.027272
.089147
.097584
.318573
.359551
1.673569
.35691 
.46053 
.225633
.256703
.559336
.139002
.371051
.022498
.232513
.073718
1.072823
.049654
.167843
.073539
.219021
.480553
.194041
.606107
.252628
.508344
.178685
.287106
.579383
.049493
.239652
.404032
.601131
.255549
.244385
.083206
.125141
.276893
1.073226
.400038
1.026989
1.240039
.268223
.022675
.08492 
.995263
.011196
1.660887
.10351 
.856337
.625216
.649273
.346493
1.048551
.199045
.381587
.555563
.005579
.731685
1.200613
.46381 
.450649
.171717
.278727
.056058
.745859
.022912
1.116079
.279488
1.305801
.677298
.217887
.788416
1.742287
.671889
.008230
.102184
.18007 
1.416095
.651593
.527783
.136917
.112747
1.272013
.521447
.954816
.281752
.537883
.260425
.186811
.985853
.250277
.115532
.009569
.13155 
.632703
1.505835
.761817
.749523
.302143
1.181394
.40328 
.515506
.125484
1.658699
.517009
.120935
.425909
.185197
.016227
.494182
1.011482
.098135
.143306
.035736
.085681
.023127
.840423
.073272
.2049  
.203284
.563382
.526558
.128526
.568061
1.404468
.599886
.751263
1.050876
.328536
.17383 
.154232
.169121
.038294
.040017
.16645 
.533652
.002563
.651166
.497775
.080692
.94654 
.096635
1.452535
.471452
.430823
.13646 
.322938
.916581
.419642
.13163 
.211744
.28719 
.306996
.600259
1.340728
.442311
.09985 
.074761
.543796
.156913
.031371
.382219
.747477
.210731
1.207946
.273854
.405272
.615586
.25917 
.218088
.070881
.992309
.000180
.400131
.002115
.862888
.254157
.400336
.611383
.052841
.092211
.055212
.409561
.155041
1.19543 
.442974
.173084
1.336978
.506551
.480027
.595662
.960281
.194704
.044679
.229675
.025476
.310976
.478098
.536496
.303634
.178932
.465746
.594623
1.055591
.315836
.177391
.961934
.141488
.124725
.039016
.112062
1.086599
.621895
.77384 
.046454
.032756
.343476
.234201
.363187
.195742
.716101
.15539 
.049416
.242037
.102959
.081597
.498059
.26402 
1.393763
.246448
.6615  
.279529
.429415
.437008
.070273
.205367
.034821
.360933
.009407
.276086
.128767
.325481
.52343 
.432061
.494484
.630004
.376745
.301238
.031181
.099471
.342348
.576083
.391964
.209213
.579997
.049847
.201508
.475709
.415216
.616507
.022127
1.333556
.386845
.148271
.083514
.47464 
.101087
.37925 
.23235 
.137577
.132481
.010118
.056652
.091748
.312897
.432595
.148013
.305071
.315506
1.132293
.070774
.039376
.291043
.716618
.017438
.943772
.414385
.037477
.121652
.012991
.151121
.376171
.103929
.116642
.186007
2.749093
.046120
.872269
.679777
.056954
.673483
.917742
.074552
.451361
.272853
1.712507
.579888
.443368
.715284
.181935
1.079761
.228173
.241274
.158127
.499951
.21463 
1.466313
.022607
1.020813
.368785
.012338
.178309
.253194
.323041
.548638
.372785
.41649 
.924414
.203961
.265478
.740264
.819267
.506485
.864572
.267254
.655045
.368099
.680267
.335129
.147791
.657939
.369307
1.736984
.130666
.138483
.407438
.468499
.414194
1.300796
.152579
.105144
.498528
.003172
.811785
.057417
.322804
.24518 
.481969
.657054
.009682
.191344
.086989
.057160
1.709681
.057930
.604872
.239482
.637708
.085907
.822304
.334477
.08088 
.231495
.171666
.570728
.679532
.062114
.83509 
.394676
.002601
.100648
.539016
.826119
.980283
.877718
.18128 
.16886 
.1181  
1.341921
.150083
1.452068
.217372
.147459
.811478
.773347
.661486
.129204
.329848
.588836
.439099
.015643
.802653
1.274904
.204214
.017222
.277437
.482078
.027979
.462523
.208041
.693194
.149753
.092201
.070290
.071299
1.263684
.027718
.532013
.572073
1.262627
.296837
.907346
.20818 
.062186
.256549
.940245
.024976
.470268
.344181
.669515
.110187
.549226
.736467
.014810
1.051439
.171506
.727607
.454797
.169928
1.144882
.907677
.322356
.761825
.030048
.159658
1.044121
.339912
.480852
.557907
.355144
1.176999
.061756
.382859
.087960
.562161
.369886
.182754
.234884
.089444
.207797
.088926
.002151
.335663
.450468
.446162
.011294
.221283
.013503
.367375
.040812
.718619
.213725
.412748
.274211
.321581
.056400
.173658
.023786
.044109
.072210
.354516
.384376
.220171
.753649
.098226
.619497
.770926
.271624
.016041
.099183
.617772
.013460
.174425
.479104
.868496
.1332  
.45934 
.720992
.526651
.559794
.005926
.410279
.189154
.57415 
.219634
1.161838
.414558
.321206
.307533
1.183034
.027526
.050425
.678788
3.222569
.099374
.101255
.105164
.078637
1.042181
1.377805
.460153
.151714
.021496
.517759
.988002
.210525
.055636
.934111
.081908
1.039189
.393768
1.97575 
.555983
.185778
.103197
.445357
.106805
.093032
1.264085
.227735
.125121
.458185
.187302
1.327029
.150626
.73258 
.038513
.057891
.351818
.985769
.531703
.29866 
.055481
.906458
.162884
.414751
.050281
.268502
.027739
.53276 
.013595
.511138
.076272
.370641
.324875
.429336
.958123
.008788
.44841 
.773866
.194122
.011058
.063433
.351936
.670514
.201027
.150903
.994643
.344985
.552509
1.303775
1.572501
.102853
.351571
1.034089
.150616
.173504
.172956
2.212092
.398925
.071314
1.397599
.725574
1.517368
.047103
.338918
.016744
.764998
.067810
.118623
.004052
.795015
.264443
.313637
.320071
.125622
.212198
.117872
.281441
.306098
.380895
.458706
.067608
.453146
.223562
.32338 
.044883
.200001
.175528
.28964 
.494484
.314033
1.726049
.885968
.447771
1.096624
.434065
.082306
.478129
.066078
1.152982
.124622
.226254
.176642
.82495 
.192311
.444046
.027297
.253972
.193739
.009874
.44812 
.006302
.041196
.420598
.97268 
.915061
.301156
.272901
.039548
.529936
.900427
.151678
.413295
.815442
.523237
.240742
.454091
.022596
.083345
.15807 
.561743
.134784
.25014 
.041463
.797802
.101862
.224079
.139001
.133756
.141997
.065524
.523204
.450346
.643036
.55829 
.655034
.618856
.379147
1.074257
.088461
.619244
.014321
.071443
.417663
1.54778 
1.519063
1.192499
.228452
.560314
.855614
.122392
.281462
.143642
.664448
.135975
.215513
.941059
.207398
.99579 
.745993
.067998
.074902
.099575
.148071
.55602 
.284757
1.105549
.942324
.920213
.222752
.002991
.038235
1.738261
.145281
.08021 
.626382
.521711
.193594
.471877
.228027
.027528
.149279
.52707 
.008455
.454769
1.228349
.960502
.248254
.168954
.500764
.705997
.671736
.29663 
.177909
.303116
.709776
.446764
.169216
.049104
1.391906
.169196
.209823
.155785
1.382974
.108253
.31257 
.012102
.594712
.269235
.559911
.362571
.147259
.194534
.033311
.143974
.175898
.140159
.501432
.081864
.071737
.540074
.207755
.664316
.102836
.854354
.142897
.190018
.061886
.465327
.93826 
.657298
1.185293
.020472
.041626
1.650826
.726882
.098484
.403093
.040648
.305636
.23166 
.221818
.233351
.392797
.008598
.005753
.234188
.058871
.467246
.262206
.245463
.949715
.494758
.109743
.443165
.173607
1.058891
.197734
.208799
.136841
.165987
.029962
.865447
.425703
.592634
.349493
.360854
.054124
.638739
.344212
1.142603
.029674
.401435
.687344
.850156
.412479
1.36807 
.082738
.934583
.405126
.090082
.086781
.241975
.062157
.128725
.312705
.503556
.25415 
.80394 
.24526 
.403203
.076045
.176388
.320238
.088907
.492304
.403076
1.420483
.233942
.563965
.064402
.16439 
1.156255
.189875
.063413
.576332
.115017
1.183164
.493758
.849424
.268156
.280123
.755717
.366732
.586314
.114146
.566031
.051569
.910152
.156047
.771366
.238416
.031868
.265859
.734666
.020750
.254383
.121478
.284514
.418209
.182176
.061969
.098820
.999871
.922507
.120552
.270758
.211108
.359203
.442914
.549911
.217425
.063870
.138573
.333225
.417631
.030612
.177512
.439443
.137925
.203208
.589775
.11298 
.773026
.315053
.612347
.926502
1.152938
.113171
.117543
1.293529
.467428
.521569
.37688 
.167426
.215678
.274383
.151063
.243676
.622136
.148649
.608384
.044219
.75948 
.671755
.52744 
.233744
.439916
.67637 
1.127478
1.212347
.297926
.016461
.954952
.582834
.45692 
.229364
.610253
.456214
.123082
.183087
.039301
.338805
.911878
.027807
1.268987
.030681
.081023
.094519
.112996
.441861
.031218
.017630
.313381
.682094
.005435
.000367
.04469 
1.094122
.295782
.598349
.338139
.392258
1.013624
.526445
.265104
.038430
.673106
.256321
.101251
.042150
.048239
.600807
.203499
.396085
.90748 
.10512 
.212616
.207899
.007588
1.623866
.675401
.036197
.049685
.780007
.192999
.293977
.143146
.391924
.387008
.018718
.108453
.584147
.080720
.40434 
1.436084
.115108
.000423
.484577
1.052692
.120641
.101684
.36664 
1.163577
.114525
.197488
.32546 
1.139807
.416518
.866589
.284297
.712545
.101839
.015537
.011149
.000790
.162992
.060232
.168101
.19846 
.141582
.152115
.513663
.187186
.61778 
.117909
.058559
.043791
.209708
.025053
.665266
.164936
.061368
.554655
.457227
.972533
.32726 
.306639
.045191
.158857
.057434
.007929
1.318284
1.068018
.506182
.272206
.566979
1.28806 
.328485
.665307
.658571
.47683 
.031103
.227236
.590992
.946005
.566285
.33461 
.929361
.940728
.517867
1.355311
.088660
.448852
.438117
.10578 
.267731
.855514
.696951
.778938
.41823 
.010455
.129817
.341321
.67036 
.055753
.226142
.304029
.269507
.58    
.317289
.548638
.61479 
.863528
.250612
.54131 
.936083
.186595
.827634
.30208 
.474571
.324066
.027281
.160251
.062407
.114321
.142092
.462504
.217096
.084742
.098562
.094673
1.171346
.010312
.050811
.010795
.125311
.217783
1.859264
.051023
.065068
.19798 
.524568
.076978
.263965
.025389
.036898
.006860
.520648
.836968
.799689
.348512
.641745
.463809
.330996
.142764
.375802
.384737
.816092
.28506 
.188869
.163055
.161619
.522658
.077389
.260748
.187072
.100438
.178822
.866786
1.039975
1.016932
1.589154
.850812
.560754
.001867
.419718
.802904
.033039
.004737
.730796
.152688
1.625457
.044114
.406095
.941772
.761499
.23077 
.165112
.372738
.125441
.477525
.262386
1.139304
.835679
.475763
.15614 
.093584
.188124
2.467186
.021995
.609385
1.035261
.463069
.668957
.030728
.100165
1.561425
.116735
.287918
.057638
.080689
.070241
.550967
.641775
.055347
.066162
.149802
.311912
.725118
.829695
.800966
.605113
.018859
.034322
.775667
.680689
.523168
.555345
1.689813
.1505  
1.194524
.189158
.423544
.065444
1.24345 
.647391
.176196
.365741
.547215
.333995
1.954394
.376873
.344386
.207649
.939913
.666635
.207196
.885614
.308936
.924272
.29001 
.595013
1.349659
.025073
.296787
.023976
.597995
.588842
.043326
.722842
.218706
1.346664
.595217
.055762
.204487
.490562
.85654 
.025704
.348278
.407216
.003507
.608084
.351258
.350336
.137017
.438985
.30035 
.156586
.007069
.327814
.632091
.815524
.257725
.91704 
.078765
.894931
.253823
.077462
1.499357
.073964
.253393
.010890
.300989
.588529
.501764
.256933
.664501
.254145
.533929
.134755
.091754
.082992
.388478
.362044
1.136401
.014671
.126914
.146657
.454449
.120988
.638976
.224814
.052784
.043256
.061842
.642269
.202528
.260509
.66416 
.413105
.527342
.513709
.859285
.370616
.189994
1.078442
.17686 
.66015 
.337774
1.066316
.004988
.66939 
.040421
1.037216
.659111
.296308
.073168
.086012
.670992
.028076
.267022
.15077 
.179531
.003184
.149693
.269473
.150534
.218519
.009164
.483858
.447877
1.333861
.246582
.33834 
.113277
1.539756
.304503
.185738
.020473
.021043
.105828
.697969
.348394
.220404
.294361
.192096
.109271
.259614
.213505
.113957
.223492
.136662
.049179
.044146
.902751
.30499 
.741062
.137731
.058185
.642945
.754807
.640568
.533085
.167598
.10958 
.253614
.755188
.908801
.690662
.689473
.303791
.763009
.430726
.594329
.143061
.27324 
.449411
.492986
.184193
1.851226
.208733
.633681
.223596
.750543
.099759
.051716
.233531
1.056969
.067770
.531867
.28687 
.300851
.205853
.134459
.023380
.199488
.296173
.123943
.134117
.458471
.360837
.144764
.055047
.858423
.338415
.296355
.206837
.998126
.149375
.874088
1.183463
.939696
.048157
.546496
.076577
.062707
.387774
.54996 
.329413
.119113
1.079417
1.41746 
.161696
.105537
.127991
1.035433
.123361
.205628
.883393
1.401991
.414154
1.240363
1.774474
.183304
.283478
.395076
.39768 
.365919
.559751
.600032
.22176 
.008497
.690201
.512628
.552703
.174313
.141172
.548676
.4855  
.12661 
.055916
.009075
.188078
.092210
.291958
.049655
1.103495
.381692
.044161
1.045112
.129765
.916729
.990621
.215785
.408473
.195099
.248492
.220623
.50762 
.059282
.057323
.098377
1.507136
.112124
.262637
1.112684
1.818765
.090707
.925462
.246337
.211843
.822567
.26966 
.227157
.104777
.144776
1.331423
.621446
.060163
.670034
.939635
.023105
.041569
.096635
.204199
.267657
.853742
.51774 
.294998
.149177
.083360
.541633
.239614
.708618
.743916
.525879
.268659
.019494
.010475
.152621
.378984
.501353
.453526
.292482
.403448
.062875
.033386
.687555
.34561 
.340702
.210569
1.959272
.052251
.367927
.943581
.193226
.923149
.26175 
1.056508
.023357
.112996
.129965
.097743
.281308
.070599
.165652
.250804
.015482
.61068 
.178934
.208019
.556473
.245542
.502559
.963633
.013173
.244245
.444275
.547147
.363346
.028238
.050583
.075748
.311563
.207697
.737033
.835239
.210467
1.033246
.164985
.218834
.15754 
.200045
.004157
.439643
.442139
.235792
.358707
.829227
.169268
1.025394
.120304
.130902
.807382
.190875
.498045
.296194
.077306
.659969
.386833
.213236
.513035
.211081
.29614 
.153513
.212406
.019087
.288004
.406297
.026511
.763498
.248463
.333506
.259202
.129817
.857307
.18786 
.23595 
.29078 
.769799
.059101
.071204
.594979
.636396
.279681
.25725 
.204393
.693447
.622604
.625099
.088107
.277161
2.023485
1.513458
.173844
.068502
.915641
.532964
.497562
.289027
.199231
.693109
.069745
.200692
.449973
.126348
.487914
.310476
1.463477
.234264
.471242
.245446
.108225
.320899
1.015947
.106103
.201769
.062585
.059660
.701864
1.326575
.028823
.626991
.779503
.076666
.18479 
1.003646
.149691
1.431868
.005327
1.139418
.328759
.107592
.417595
.3976  
.455826
.456127
.653873
.281225
.282362
.509361
.313577
.099973
.213906
.303241
.443077
.228194
.671173
.828739
.404629
.021431
.405308
.10658 
.029968
.97513 
.302631
1.158773
.166442
.368957
.143719
.336344
.050008
.222213
.078872
.86286 
.016094
.636154
.414152
.496493
.958201
.335852
.184157
.151025
.706763
.845687
.559629
.206249
.287729
.247463
.236689
.062593
.334464
1.01152 
.174304
.52823 
.406332
.631029
.304808
1.003135
.357987
.056934
.163119
.092671
.058886
.32082 
.721934
.693632
.146953
.728355
.682686
.209399
.2416  
1.542248
.011810
.406221
.156858
.202014
.276952
.106679
.032092
.155536
.167119
.033923
1.944008
.227624
.533646
.571713
.75813 
.151517
.534138
.461641
.212491
.005419
.007758
.146094
1.612349
.037602
.398745
.067295
.339735
.553021
.164732
.268794
.160401
1.024827
1.390523
.597809
.765313
.117713
.237879
.199375
.514674
.200716
.045844
.692868
.205462
.325896
.12735 
.037708
.164072
.000801
.319108
.132077
.423124
.082414
.332124
.204685
.105402
.663077
.1858  
.53382 
.164202
.010883
.492591
.102084
.098874
.056640
.052346
.29218 
.402051
.46781 
.038132
.220233
.523604
.129086
1.203039
.456217
.150948
.008122
.279052
.269116
.18259 
.036781
.509149
1.064576
1.066487
.39123 
.374695
.809537
.35633 
.309384
1.091665
.15646 
1.867382
.503021
1.345324
.31101 
.206138
.052669
.058338
1.767549
.090289
.253488
.008605
.158777
.132125
.115434
.153214
.072777
.031240
.330103
.920073
.234323
.01382 
.396225
.352346
.790566
.464476
.53851 
.820358
.000335
.529533
.329573
.185605
.185432
.055902
.438239
.30956 
.774422
.005000
.645819
.98041 
.124959
.136657
.263726
.412743
.18685 
.10295 
.213886
.423158
1.771212
.157543
.691483
1.073246
.243482
.298815
.043501
.557958
.528555
.563493
.292384
1.892114
.033236
.014193
.123608
.005968
.013785
.766001
.003098
.407567
.072043
.065046
.381519
.143921
.558092
.609528
.130652
.169701
.619869
.259463
.902245
.882614
.444261
.705262
.373242
.141447
.944265
.576771
.312977
.105888
.094873
.009513
.298705
.649014
.091380
.469741
.376433
1.161138
.749553
.643421
.069495
.381326
.095913
.779936
.19217 
.011247
.170562
.129155
.218269
.266584
.159236
1.782984
1.042005
.149242
.399633
1.053587
.320332
.594773
.209706
1.387889
.354334
.161172
.667916
.236318
1.886452
.329144
1.019274
.502287
.130202
.024702
1.177464
.242971
.792075
.192083
.381774
.601029
1.012026
.432906
.547071
.239843
.288081
.354316
.278774
.045004
.097786
.496164
.018940
.746722
.036519
.605247
.544121
.021916
.009685
.199562
1.130428
.056951
.151565
.152979
1.097691
.571846
.386839
.10181 
.995141
.850845
.243187
.743772
.660728
.140427
.509763
.171309
.292641
.277033
.010613
.688414
.095401
.288955
.663142
1.577819
.012188
.024273
.195105
.176853
.120067
.507756
.401734
.044263
.450782
.007313
1.072212
.467846
.042120
.178396
.335931
.158879
.343556
.381525
.084743
.013047
.237196
.422371
.079832
.703949
.361271
1.321749
.048877
.025904
.233806
.106877
.548672
.094296
1.81957 
.154673
.088748
.342886
.031003
.283594
.37642 
.061397
.278821
.554756
.453549
1.27236 
.340587
.015342
.162134
.196374
1.089994
.403365
.299607
1.400577
.46795 
.689831
.321121
.387353
.355135
.099453
.600725
.248542
.507855
.149228
.20553 
1.215327
.293089
.459441
.131018
.049203
.203837
.41034 
.242858
.097015
.409601
.151041
.488258
.632428
.166357
.255491
.374283
.215829
1.077637
.809111
.179443
.813999
.091452
.080826
.073572
.060588
.042991
.366831
.118754
.034696
.181673
.257354
.447179
.890749
.048279
.005625
.112919
.932963
1.608582
.280503
.010717
2.720215
.192166
.166157
.392349
.046136
.024183
.309333
.357173
.239758
.322329
.188851
1.757707
.094467
.500844
.382277
.630837
1.200988
.119848
.025879
.058143
.393436
.400143
.085726
.8445  
.699748
.548308
.072939
.448196
.014051
.254853
.108629
.314835
.57531 
.196846
.900173
.421599
.39982 
.234057
.13598 
.094491
.267588
.196566
.020965
.038656
.647148
.208696
.667963
.036797
2.002218
.194869
.026666
.507058
.013231
.390713
.291158
.141569
.783316
.11823 
.074347
.465516
.993488
.029762
.788439
1.246976
.47692 
.056211
.199347
.248879
.050862
.581319
.086501
.074402
.226561
.10115 
.149171
.125593
.052375
.413884
.082280
.37145 
.138938
.397653
.40002 
.267809
1.428354
.495235
.052068
.146608
.379509
.15487 
1.012284
.51724 
.029614
.044223
.033105
.157419
.82394 
1.512621
.178446
.323447
.81747 
1.027209
.518214
.537891
.321999
.134285
.362107
.226352
.068892
.075120
.894134
.053360
.18356 
.262199
.558675
.237631
.383648
.135436
.141938
.136494
.341465
.690081
.44792 
.219651
.066404
.567826
.302887
.582291
.019369
.045252
.075812
1.000908
.480326
.028944
.1753  
.083615
.75994 
.138058
.217293
.013539
.095043
.719403
.11998 
.200019
.245148
.65739 
.031862
.997321
.980228
1.092637
1.491815
.712698
.071988
.198125
.064597
.553973
.406658
.243814
.060031
.25473 
.247436
.015029
.879566
.378338
.100891
.452686
.331141
.523468
.267243
.404462
.251141
.151177
.112806
.353084
.009500
.363591
.018324
.337737
.023503
.106702
.174066
.550321
.161727
.573206
.183265
.40771 
.157563
.218334
.434917
.197293
.655629
.315514
.005815
.110461
.764861
.319882
.041648
.387509
.519588
.170031
.32806 
.388954
.095233
.305122
.364457
.031984
.053332
.666352
.25924 
.090264
.001589
.154288
.025513
.257329
1.377888
.59496 
.637173
.430649
.387194
1.304988
.015377
.029434
.081909
.072485
.986214
1.204021
1.868148
.236069
.162765
2.020336
.209494
.060316
.448943
.497883
.978479
.460223
.241514
.473797
.003217
.418677
.398253
.621135
.16508 
.051977
.039497
.515866
.218456
.208211
.146062
.050702
.036022
.37345 
.031682
.37621 
.524443
.135943
.20761 
.270804
.012736
.543665
.229984
.512046
.228198
.323965
.046905
.578303
1.002583
.350698
.34865 
.155846
1.351696
.660219
.275639
1.09831 
.096621
1.346892
.184512
.832746
.476259
.222266
1.177799
.061062
.039470
.131238
.15578 
.778762
.066078
.079786
.772309
.509788
.174642
.136811
.051531
.259167
.164116
.020844
.846373
.001087
.155433
.054015
.036076
1.073052
.334536
.036666
.037055
.208396
.090707
.116212
.214472
.16555 
.957166
.273642
.048385
.249574
.279537
.073904
.050049
.183143
.520773
1.367007
.486356
.236732
.682698
.432533
.266998
1.045058
.024435
.031997
.057590
.293516
.327604
.31496 
.696677
.284891
1.50897 
.158718
.245572
.182394
.241558
.193898
.006674
.899031
.435775
.721214
.775834
.121298
.126843
.159561
.541201
.386544
.107483
.863603
.611357
.027073
.090610
.674871
1.065223
.011197
.498127
.024008
.615852
.106808
.495424
1.941771
.146222
.039018
2.23931 
.218067
.127137
.036534
.794281
.525989
.531578
.009307
.484635
.036863
.501492
.094612
.395619
.040389
.515272
.510615
.814036
.085450
.464968
.48277 
.355062
.050857
.236691
.147224
.070162
.358789
.437173
.210726
.80038 
.070825
.321123
.206849
.61807 
1.249721
.404322
.25189 
.320445
.019677
2.175786
.808815
.991765
.139153
.050991
.190777
.727875
.625587
.17872 
1.518032
.142639
.15635 
.125183
.087503
.640044
.420422
.188517
.176382
.281345
.232579
.068279
.031896
.137856
.127132
.334915
.476589
.419566
.594002
.51599 
.143362
.137484
.289486
.154493
.219071
.711656
.041964
.102801
.111801
.245778
.392062
1.771756
.061113
.053200
.815363
.354121
.247229
.269479
.129751
.198943
.97167 
.042890
.927379
.250473
.112604
.968183
.271906
.993444
1.864465
.882228
.046398
.755901
1.110779
.247276
.129426
.942417
.229448
.176707
.482069
.014062
.227972
.075152
.213605
.3476  
.162665
.569603
.026473
.483769
.12468 
.228383
.936817
.167202
.175987
.417513
.465106
.636062
.000562
.47375 
.025833
1.065006
.18613 
.115533
.403411
.24753 
.11247 
1.130832
.025306
2.338215
.584759
.091852
.272314
.129471
.143039
.235297
.341347
.013529
.106398
.385247
.10522 
.020236
.461498
.473689
.684203
.116914
.004057
.212733
.359934
.336571
.420136
.473165
.368019
.175859
.406153
.660944
1.680835
.069296
.391737
.957077
.214682
1.087548
.813871
.509919
.242534
.541029
.604549
1.154622
.403068
.176289
.256414
.124846
.206418
.085489
.322542
2.442875
1.275633
.053575
.169698
.063749
.012151
.193201
.528302
.077788
.414593
.481909
.440166
.647742
.504143
.326864
.201705
.151759
.269349
.050153
.129916
.303929
.640026
.1519  
.301186
.789263
1.053721
1.002938
.672331
1.181479
.154718
.329423
.016528
.048473
.194115
.9965  
1.00826 
1.013105
.174424
.266321
.045536
.175613
.311228
.417079
.484861
.828468
.001348
.761351
1.249826
.060772
.646558
.497156
.157707
.39935 
.307233
.013420
.137186
.580588
.163759
.291445
.121281
.601393
.090910
.065818
.164241
.049489
.169091
.386078
.006949
.547409
1.23994 
.262806
.062236
.076075
.134235
.598107
.231008
.006022
.811185
.066259
.345648
1.377197
.934595
.135291
.021278
.284022
.193697
.434883
.142721
.555609
.196158
.098287
.225953
.419868
.867387
.701173
.026543
.569873
.086090
.205645
.555631
.925225
.092104
.107051
.082425
.610527
.96079 
.019105
.486243
.184918
.272197
.224866
1.089744
.097941
.605585
.128838
.577911
.27699 
.77415 
.133313
.352132
.971358
.358276
.164802
.508021
.983254
.077885
.081284
.207098
.337703
1.389419
.132511
.041959
.654732
1.15549 
.094834
.195716
1.229062
.108132
.256316
1.090175
.021762
.061446
.471187
1.090751
.112299
.048980
.184705
.764289
.233083
.261275
.029773
.181573
.131482
.778477
.266543
.542573
.159257
.098624
.093520
.067979
.022006
1.033611
.555354
.016793
.627242
.920762
1.008236
.460419
.507507
.629313
.17667 
.049367
.281097
.850633
.441765
.045023
.42643 
.121469
.002544
.293752
.34604 
.754082
1.204519
.337159
.215473
.291527
.013264
.661771
.172627
.030031
.13103 
.110201
.240066
.484998
.408387
.545966
.501953
.141294
.123706
.000812
.137789
.390982
.416459
.083146
.540146
.113159
.259582
.152288
.110528
.699336
.120895
.131227
.022965
.035548
.277488
.035281
.217279
.201296
.455842
.435239
.521464
.700653
1.610908
.620888
.329706
.117925
.004305
.253212
.326955
.387519
.011138
.951446
.013388
.016541
.137857
1.423075
.225382
.651809
.142138
.354743
.008829
.312019
.185112
.097970
.57994 
.325846
.222407
.075618
.008920
.856128
.11918 
.027069
.194943
.119687
2.255416
1.572243
.017948
.034116
1.112541
.443117
.202311
.68264 
.641612
.807898
.853774
.205556
.244654
.083805
.078364
1.844514
.365088
.072998
.275386
.74244 
.51791 
.318744
.643252
.044439
.180389
.622667
.097101
.226337
.080800
.155098
.181681
.57877 
.049802
.797538
.732056
1.242675
1.078827
.200812
.479   
.036056
.296376
.000335
.385054
.190159
.119031
.155821
.124909
.501629
.863394
.233947
.382914
.005553
.162518
.334361
.455038
.374917
.737277
.22999 
.23084 
.332978
.21858 
.375807
.006576
.471404
.410003
.563741
.009465
1.780511
.184404
.571077
.880509
.156854
.120696
.006844
.108112
.835026
.064227
.136896
.468192
.035862
1.142492
.280418
.192981
.054686
.008490
.73171 
.029662
.323182
.375212
.085405
.106095
.694291
.26639 
.074727
.029162
.443124
.672715
.190754
.311781
.164777
1.296032
.275441
.073185
.081751
.395747
.138615
.50832 
.157324
.30895 
.247005
.083186
.364417
.460304
.285054
1.117046
.430787
.115067
.416869
.308586
.329077
.511365
.830511
1.34393 
.868329
1.515471
.128618
1.085906
.391157
.472944
.011214
.700665
.448874
.084213
.329515
