1.111472
-2.614528
3.263104
-3.520149
-1.270328
-2.954234
6.072181
1.604055
.603634
-2.598348
.924826
2.414658
-2.029733
-.939103
4.647082
-5.539455
-1.48447 
4.633443
-4.734316
-.301113
5.626468
-.522131
2.707287
-.569222
-.297164
-1.011323
-.115023
-1.599125
-5.396142
2.816061
2.175738
5.531115
-2.561484
.329517
.297157
-.405929
4.388693
-.12297 
-1.858861
-1.286073
11.804897
3.071749
-4.169914
-.021220
2.132178
-.975685
-3.233903
-1.129051
1.755537
3.711736
-.859052
1.911284
-3.08095 
2.496384
-.495143
-.487533
-4.081725
1.223545
-3.477051
-4.745098
3.90101 
-6.055945
1.486292
4.45479 
-2.445925
1.175465
-1.378137
-3.346721
-3.855665
1.960652
-1.020904
-.157235
-2.477834
-3.520402
-1.524711
4.113391
.475967
.106184
-.114102
2.555974
-1.239461
3.473876
3.484339
-5.15103 
1.284847
-.604734
-1.177894
7.961262
-8.947598
-.658697
1.478527
-.231908
-1.316364
4.048963
-.782122
-2.390331
-.185711
-1.977733
1.693142
.386654
-3.182568
-7.287053
-2.559817
-.274147
-1.016283
2.679525
-2.443841
-1.066632
6.670194
4.527951
-4.155026
-3.708902
2.895296
1.528865
3.787351
1.468403
-5.906029
1.225725
-.090628
.792213
-.050752
-4.170704
.063875
1.940234
.024815
-3.530414
-2.95268 
1.900938
-1.079564
1.345234
4.691461
-2.961452
-2.073951
-2.676721
-.237491
2.19605 
-2.002561
-4.183359
-.576573
-3.01919 
.735631
2.32814 
4.62881 
4.636297
1.26144 
2.148324
-1.879017
2.884136
-6.328596
1.43423 
-2.668927
.732487
3.594479
-6.998706
2.694889
2.605112
.616449
-2.399714
1.834072
-.998979
1.214979
1.793658
-1.091188
-.552261
1.272842
-.582821
.583169
5.717208
-4.123626
-.777096
1.44337 
-5.737765
-.762026
4.39371 
1.733244
1.51231 
-2.452236
-1.168755
-3.393711
-2.509718
1.955839
-.513614
-1.398203
4.163502
1.821604
.490183
.918876
.890943
.370689
.004136
-4.941995
-.050764
-1.611659
2.068521
-3.143801
3.755872
-.316522
-1.996736
2.73544 
-2.378945
.225277
.662953
-.447637
-.196641
-2.536897
5.99582 
-5.178805
4.873695
-.405261
-1.692535
-.058378
6.531329
-1.080839
-4.414021
1.506208
-1.420689
-.67465 
1.560434
-3.955912
.484327
-3.939124
4.231367
-.292656
-3.302079
.339   
-.150116
-4.242094
-3.685531
-3.788773
-.038296
1.256237
-3.244698
5.51177 
.066063
-.928858
-1.135126
2.009579
-3.331233
2.017575
2.770011
2.806604
-3.541503
-.96896 
-2.579418
-5.774289
4.17632 
.98242 
.615861
-1.286653
1.757469
-2.56095 
-.412658
-.757338
-.856111
-.905802
-1.358201
-1.665225
.063988
-1.973507
.420156
2.791844
-5.121744
3.612335
-2.592382
7.26084 
-.696624
-5.98065 
-.915815
1.585215
-1.027012
-.033156
-2.381038
1.145422
-2.274363
2.356844
-3.247125
6.950223
-3.567192
-.33791 
2.960922
.527618
-1.763638
1.872066
-1.118427
-.683251
2.3732  
-.028446
-2.237014
-4.862629
-1.859949
-.38088 
.670786
2.108906
-3.503428
-.715756
-.607215
-.124873
-2.729832
.47876 
-1.898614
-1.353983
-2.610764
4.46212 
5.288624
-.437061
1.322917
3.142864
-.996625
-.47413 
.669927
.937255
-2.869167
-6.403085
.597784
6.887895
2.724405
.266675
1.021282
3.302007
1.652309
1.145817
.976865
-1.610762
1.387865
-4.201767
-3.801551
2.204726
1.959933
-1.88456 
.76727 
-.955037
8.130871
-.206919
-.801677
-1.224899
-1.145026
4.363999
-1.886748
.972718
-1.478169
-7.105586
1.314633
1.519813
-4.144269
-1.533766
4.410235
-1.516556
.200637
-4.80337 
-3.304544
-1.732374
1.151752
-5.443939
-1.983779
-.257109
-1.441964
1.536879
3.145788
-.790008
-1.776827
.945345
4.893461
-5.025219
.982745
3.508562
-3.294278
-4.526515
-3.105737
4.578794
2.264861
-1.547421
-4.012346
1.538035
-2.516239
-.847612
-.052317
3.572368
-5.688778
-3.48336 
1.862717
-5.134717
3.222146
-1.161856
3.336483
-3.213592
1.808731
-.761683
-2.692211
2.201319
-.563623
3.745897
-6.394721
-2.226305
-1.98917 
.058487
3.444771
2.071153
2.501531
.573263
.081721
3.367535
-1.025408
-3.159537
-1.144752
-4.247729
2.367239
2.582342
.420334
1.207415
-5.60329 
1.6714  
2.429079
3.02303 
-2.252584
-1.925121
1.077056
.648498
1.937123
2.446473
-1.519833
-2.365218
-8.130993
6.455663
-1.452187
-3.539822
-1.954427
-1.401739
-4.997007
1.473689
4.922525
1.849891
6.268584
-6.092238
-2.225735
2.62426 
-.519784
-.434914
.333047
.009771
.74744 
-2.548784
-1.872048
1.88831 
-4.720779
.239671
.15038 
.816016
-.590548
-1.046619
-.495732
-1.46551 
.717298
-.454404
1.539672
-1.948409
3.845173
.107709
-1.397914
2.169306
1.746562
-.985128
-6.831961
-2.28341 
-4.343604
8.28636 
1.158666
-5.174699
-5.448612
.914864
-2.315196
3.4095  
-2.951283
2.214807
.959789
4.819194
1.360799
6.549083
-2.925481
1.944143
-3.446035
4.864546
-.311881
1.550534
-1.30284 
-1.137334
2.067649
.204047
-.930999
1.339918
-.712194
-1.685525
1.372377
-1.364794
-3.58794 
2.747296
4.903583
5.412769
-8.344997
5.852422
2.205881
3.344773
2.270008
2.627296
-.43022 
.720075
-1.128668
3.163678
2.416686
2.017502
1.232459
-.912714
1.797502
2.267078
-1.70528 
1.170899
2.243934
-1.920875
2.326015
-5.298572
-2.3714  
-.080393
-.933128
2.540154
-.692355
.370606
-1.726454
2.946548
3.094862
1.866888
-.713451
1.844041
2.144268
3.366486
1.956434
-3.59428 
-4.999155
2.028052
2.528505
5.833349
2.634636
-.044762
2.719029
1.499842
-.879314
3.978882
1.850569
-1.935975
-2.395648
-3.557378
1.375811
3.077432
3.262643
-4.749601
.105693
.205156
-1.014767
-2.18122 
-2.915607
5.284187
-1.41045 
4.602587
1.84573 
-1.078288
2.911628
-1.537822
.963531
.592673
4.934645
.405833
-3.0808  
.608227
4.225323
-1.130392
-2.402163
2.469589
-2.901125
.335672
-3.49239 
-3.961718
8.698619
.98244 
3.469017
4.450142
4.976122
1.664347
-4.242114
-.266809
-.909219
5.044349
.299993
3.362356
5.710267
-3.366977
.766383
2.106331
-3.955191
-.385056
-3.309061
-2.754863
-.455242
-.752898
3.327509
-4.770049
-.001392
-4.670379
1.625998
-1.443997
3.277501
.702649
2.040348
1.154789
1.89633 
.366812
-.429696
-1.138893
3.93728 
2.479925
.18299 
.466782
5.528923
2.755099
1.91706 
.024301
2.832613
-.540219
-3.945838
.362517
-1.702884
-.904621
-6.189822
2.518105
-3.49826 
7.212079
-1.791599
3.356359
.488843
-3.030688
-1.72    
-4.521276
5.855744
3.015501
1.179582
2.34741 
3.862176
-.417314
.455957
.950291
-6.573334
.615798
5.354061
3.862251
3.55266 
.103428
-5.813841
1.296022
3.563136
-.94389 
2.28907 
4.216031
-.241039
2.924316
.992043
-.499748
3.195976
7.15105 
-1.878805
-.859349
1.362791
4.636386
-1.607903
4.538783
3.258218
4.919366
1.698851
3.258045
1.912225
-2.346285
-2.152062
4.186652
-2.916039
1.812325
-1.640431
-.448809
-.190184
5.047219
3.245982
1.58119 
-1.85144 
.443171
.344913
-3.904672
6.788827
.781684
4.186893
-.696582
-2.085244
-1.332631
-1.242245
2.013297
-2.640336
-4.412444
-4.475458
-.501107
3.43162 
-1.867433
2.022298
3.304691
-1.864665
-1.618563
.902756
-3.756286
-3.547775
-1.642396
-.371719
3.220215
.479847
3.214453
-5.768551
4.887249
-3.62474 
2.726756
-3.225296
1.877107
.264821
3.871321
-3.353006
2.80433 
-1.46748 
-5.345452
-1.459544
1.371681
2.87198 
.748577
1.129526
1.026051
-2.06374 
.104402
-2.289122
-2.171695
2.989293
1.057683
-3.381646
-3.209405
-1.701563
-.385392
-1.491101
6.156533
-3.562404
-3.559507
1.008171
-1.524878
-2.7096  
.962278
2.613534
-2.256393
.127739
1.906989
2.697835
.092433
.566643
-3.215108
1.313958
.737919
-.500047
-1.698925
.552125
-2.222911
-3.37189 
-.384909
-1.578674
1.781598
-3.212205
6.585297
-4.549891
5.321014
.710447
-.392871
-.757455
2.7246  
-2.998029
-2.876492
.978841
-6.859182
3.898024
1.202578
-6.112476
.956255
-3.000698
-2.978226
1.980013
1.806981
-4.799113
-.205687
1.515087
8.036389
-3.020439
-1.186319
-2.00003 
-.467767
.568658
2.111772
-3.511791
.951075
.239478
1.757738
-3.256152
-1.448616
5.415367
-3.610426
-1.71736 
-1.69798 
-3.292474
3.326206
-1.656238
4.212423
1.677291
-2.846321
2.577505
.738197
2.424541
-1.655183
-1.895655
.436976
-3.954184
-3.953434
.362004
-4.897052
-3.194822
-.909816
-.866263
2.04595 
-3.678774
-2.303016
7.733522
-.140263
-2.201441
2.121915
-2.161867
-3.852956
-5.451876
-1.5574  
-1.936262
1.621148
-3.321203
-4.763902
2.897709
-4.648661
1.799448
1.058989
-7.862048
-.427676
-4.537931
2.793099
-3.230445
-3.72402 
.492392
-2.133958
5.333013
.740691
8.199826
2.145798
.008787
-2.222948
-5.305038
.057605
-1.749747
-3.35394 
-.062391
1.362196
.317968
-4.587646
1.660306
1.884527
-2.467982
1.264339
.257833
2.0119  
3.49545 
-3.344336
1.99367 
-1.327409
2.995365
4.437579
-6.266505
1.461565
1.7684  
-.378446
1.635833
.763311
-4.920693
-2.627744
.111719
2.080844
2.024927
2.242571
1.115086
6.097733
-1.766788
.40077 
-.90887 
.603282
3.16474 
-3.015152
1.041479
.70372 
3.085518
3.351163
-.809242
-7.532608
-2.910632
-5.178014
2.447298
-1.25088 
1.893957
1.801925
-3.197712
-3.070831
-3.861154
3.86066 
-2.7672  
-.260165
.330987
-3.116352
1.558233
-1.592282
-4.128073
2.715573
1.276652
5.275268
-1.984041
1.553649
.048170
-5.70715 
-3.102444
-3.252504
-3.325213
2.743836
3.125752
-3.237695
.453057
1.203411
-1.130162
2.776829
6.220561
.396641
-.261115
-3.693872
-2.566239
2.37029 
6.520422
-.281116
3.227326
-1.324124
-5.562618
-2.107423
1.872154
-2.105529
-1.322443
2.289432
2.653991
.228307
2.497228
.626459
.708709
-2.141309
2.507504
-.108618
-4.120214
.793859
-7.217677
-2.470651
6.481035
.771515
-1.18726 
1.03119 
3.635486
1.61694 
-2.201246
-2.046802
3.067894
5.030147
5.606391
1.146416
-3.598222
-2.750839
-1.322888
-1.233401
-2.130693
-2.175017
.507162
2.963548
-.426824
-1.771567
3.222963
1.309684
2.319032
4.381513
-4.313353
-3.343084
2.87879 
.108328
.807005
2.802508
-3.601209
2.539144
-3.603348
-.685659
-1.647631
-4.309495
-1.369999
.662462
.52072 
1.565782
-1.519414
3.835198
-3.35551 
5.198317
2.143821
-3.57728 
2.661746
-6.750515
-.344873
2.87709 
-1.332871
-.814202
-5.133069
1.472027
-.66613 
-5.632618
.897015
-1.781089
-.215587
-.046676
-2.705004
-2.887835
3.056776
-2.491214
-1.129453
-1.348111
1.471794
.230889
-.187494
4.040974
1.334044
6.041359
2.275803
3.805107
-1.702877
2.915592
-1.525944
5.224101
-2.183415
5.428118
.166971
1.734475
-.602207
-.082050
-2.477853
3.065344
1.65336 
.102828
-5.215148
-2.634915
.872917
-.831407
-4.458945
.365083
-3.488286
3.592403
-2.60727 
2.313464
-2.192485
-4.327926
-.839658
-3.947791
3.252857
.211739
.353131
-.301275
3.931904
-2.033635
-1.410632
-2.224881
-5.332928
-.177523
.459053
-1.296884
6.983889
.142639
-1.411226
-.681633
-3.243433
-2.753946
.76057 
.596245
2.012819
.686385
.115094
-2.046784
.966387
1.972872
-.794267
1.603452
-6.095843
5.303183
-1.189898
-.305578
1.480993
-.331682
.484339
-7.750917
-1.633488
-1.518002
.985738
-1.311439
-1.40445 
-2.827487
-.692589
-4.760298
3.52681 
3.768376
5.515825
-3.309228
.848004
4.528328
3.7942  
-1.970883
-3.046496
-.651698
-7.092279
1.791402
1.275812
-1.721661
-.445453
1.357154
-2.448776
-1.254611
-.324242
3.096992
-2.405511
2.293253
-1.377127
2.489381
-1.170724
-3.608623
-5.665742
2.167945
-3.300149
-4.843194
1.813419
1.023644
-3.940635
-.039078
-4.322933
-3.560319
-1.585671
3.264211
-.716143
-.524287
3.335424
-.114149
-.669196
.757556
-.612511
1.196232
-.963832
-1.392728
2.119642
4.807023
-.601184
4.95528 
.367459
1.38523 
3.017794
-2.70349 
2.799739
3.091029
2.808284
-3.2194  
-.662047
3.15698 
2.6651  
5.45816 
1.565838
.965228
-5.161546
-.985314
-.606205
1.046928
-3.897035
-5.393147
-3.219607
-2.080015
-2.352513
-2.462773
-1.70121 
-1.154018
-1.239902
-3.824558
-1.318198
-5.548449
3.537975
6.756208
1.587102
-3.114272
-8.621621
1.531094
-.108755
-2.967361
-5.968722
1.596288
.148505
-.489997
-.943757
1.84504 
2.201681
1.366352
4.179568
-6.271278
-1.342656
-1.727108
.144951
-.087065
-.10222 
5.001132
.302344
-4.3296  
-4.425546
-1.233194
2.79708 
.659572
.937942
.490385
3.182708
-1.542114
-5.516026
-1.917083
.845102
1.786588
1.940076
.164505
-1.214381
-1.755881
-1.041341
1.602776
4.780713
-.12756 
.497506
1.764144
1.769185
3.687407
-.726285
.001442
1.391523
.238309
-7.479838
-2.979969
3.369458
-1.115836
.456521
-1.354288
2.535408
-.217428
-.664262
-1.738859
3.732787
-3.152206
1.282647
-2.276116
-1.967122
5.059421
1.449476
9.208415
-3.958749
1.144002
-.531122
-1.399896
.149065
-2.153342
-4.523833
1.608021
1.810205
1.366107
-2.158875
2.750473
-3.99386 
1.634866
-1.667354
1.724629
-.927786
6.997263
-.695604
1.491482
-1.013822
-4.602966
-1.705733
-1.212471
8.096103
-1.724423
-.56374 
2.555126
3.247749
5.504955
.639045
4.474835
2.813367
-.471377
-.810143
-.478068
-.86899 
-2.00592 
3.410973
1.5148  
5.861142
1.390929
.659694
.402176
5.546227
3.288951
-2.879127
.772979
4.417677
.23498 
.249015
.256642
2.426262
2.291823
-.519338
1.560087
-3.2171  
2.787874
-1.169766
.546936
-1.296474
2.449174
.613777
4.466243
.205326
-.649455
-1.395123
-.217679
-.092050
-.416644
.310634
-.303769
2.153232
3.023802
1.883592
2.202675
.139744
1.091591
.664375
.913229
-.422187
-.806271
.46962 
-.841472
-1.399137
2.204692
-.301529
3.531832
.147661
3.552358
3.065518
2.140676
6.853025
1.754279
-2.351468
.943221
1.168297
-1.029576
3.055596
4.215177
-1.766097
1.168398
-4.765644
-1.458182
.378325
.178596
-5.621566
-1.141391
.915711
-.849711
2.334163
-2.246717
-2.379374
-1.036112
-6.017131
-3.481836
1.066767
-2.163395
2.543894
.493225
3.61584 
.817135
-1.657188
5.135727
-.928425
2.812673
.597545
-.017966
1.252158
-.981105
-8.037898
4.591933
-.56613 
2.342762
.97806 
-.996735
-.003353
4.04553 
-1.790596
-2.09876 
-1.648803
-2.392106
3.661798
-1.510408
-3.471817
-1.726478
1.156837
-.690787
.610005
1.278037
1.395611
-.313479
-3.784268
3.354249
.57632 
-.559687
-.005714
-1.904001
-2.26631 
.719395
1.164715
2.599606
2.004592
-5.148497
-3.059021
2.586071
-.989612
-.566405
-7.896024
3.339903
3.670067
4.263809
2.310163
-.131233
-.988391
-4.062629
-.435494
2.324682
-1.636484
-2.033266
-2.529577
-.969726
-.178702
-1.397914
5.534783
1.524909
2.686695
-3.021918
-.58967 
-6.426186
2.213677
-4.125281
-4.09183 
-4.53316 
.814591
4.289412
-1.227923
-1.919229
.654643
.451225
.935984
1.646234
-3.247134
-1.880616
-6.137835
-.884364
4.11497 
3.136394
-2.095146
-5.975953
-3.594447
-2.718813
-.747713
4.066871
-2.126062
-1.141651
-.146054
-.943157
1.609531
-1.282598
5.251374
-.059026
-.383784
-2.082016
-3.842792
-.216357
2.622551
6.117257
3.266678
-.875517
-2.620052
-1.044137
.90788 
.104485
-7.096023
1.640279
.493935
2.664699
4.731547
-.872235
1.046953
-5.450952
2.597751
.336235
-2.81685 
-3.294741
4.160863
7.599177
-2.650937
-.77542 
.501258
-4.857366
1.318756
3.156449
3.25387 
-1.001291
-.402333
.044567
-3.148406
-1.345009
-2.503472
1.967151
-3.387215
5.645738
9.022413
3.691262
-2.222809
-1.703265
.725139
.270896
-5.090573
.934427
1.035743
-2.342069
1.599599
1.135734
4.618697
.294322
-2.459145
-1.243437
-.095403
-3.055096
2.402484
1.417999
2.811793
-.319559
-6.016908
1.326564
-1.075325
-1.855562
-1.373544
2.782425
-.895424
1.894334
.248376
.402102
1.634487
1.224707
-1.244107
3.919484
-.086584
-3.510218
-.520882
-3.846031
3.610577
-.007083
4.606254
-1.429628
-1.132795
-7.266152
3.681669
-.559454
1.574843
4.486618
-5.077052
.019367
6.562201
1.210533
4.176984
-1.83229 
-4.608558
-4.239737
1.089454
-3.890965
-2.185505
-1.414148
4.276055
-.606355
1.877417
.979975
-4.500351
.231661
2.913528
-1.283636
3.059983
-.033542
3.775106
.667001
8.414436
-1.224822
4.001242
-1.928907
-1.52937 
-1.798042
-2.814081
1.461019
1.656191
1.24562 
-3.212069
-3.189437
1.546497
-.873223
-.806827
1.404065
-1.419875
-.108866
-3.145591
1.932905
-3.803168
-4.881729
-5.091837
-.602502
-4.304512
-.711666
.117419
.577136
1.005498
-1.454005
5.490607
-.499783
-1.682936
4.998998
-2.852896
-3.337242
-3.284606
3.27568 
-.633898
-1.077992
-2.104867
1.462339
-.340264
.705975
-1.440803
2.435451
-5.263586
1.132236
-.262411
4.288707
2.192358
-2.974817
.10366 
1.109933
-.413289
-.446051
-4.049514
8.769685
-11.14418 
1.486623
-4.205688
1.386552
1.444724
.339995
-.057770
-2.176716
.236111
2.472236
3.759279
-3.696523
-.973326
-2.11026 
1.36314 
2.202273
1.778298
1.045271
2.901037
-4.061821
-4.985224
-1.913197
.304806
-3.667181
-1.885793
.888875
-5.301121
3.68367 
3.908332
2.033707
-6.461047
-.158753
1.541118
4.089974
-4.008516
.256997
2.209715
-.86382 
3.235312
2.340284
2.200339
2.932586
.485997
.388406
-4.869439
-1.644663
3.870233
1.257983
1.482113
5.664486
-.393601
-1.241615
-4.405313
-.50537 
-4.067562
7.532546
2.584094
-.981099
-2.258267
.903777
-3.801946
.54987 
1.840936
.332728
-5.898914
-.12192 
-3.976025
1.154265
3.421045
-1.241135
3.805784
.481566
2.989438
-2.141521
-.700963
-.071272
2.839861
-3.486427
3.637089
-.420501
-4.126721
-5.241807
4.675765
-1.922873
4.401066
-4.57041 
.383391
-3.964633
.063521
2.532312
1.820618
-2.113908
3.226862
-.24123 
9.343226
6.113514
2.850554
-.052587
-2.951184
-4.921069
3.123231
3.673116
-.26191 
4.36296 
2.11889 
-2.057801
-2.28951 
2.767383
4.144379
1.797802
-2.410707
2.251681
.071907
-.150651
-2.559469
-1.218868
.035982
-1.331287
.102282
-5.624965
1.960342
.389599
-1.727723
4.37797 
1.354479
-.865797
.716691
-4.775291
1.381865
1.310072
-1.164723
-2.867847
-.002975
-3.043819
-1.952123
2.973828
-7.151452
1.554257
-.830589
4.094638
-1.27296 
-3.266366
-4.228428
-6.902204
-1.587089
2.623216
-1.24336 
-3.490881
-.22958 
9.487854
-.453737
1.743779
.660605
-.224546
2.617628
1.913868
-2.7773  
-2.264261
-2.429562
2.963123
5.69249 
4.305473
2.921333
1.644625
.474035
2.74331 
.443024
.363534
4.912607
-3.869855
.537075
-5.279112
-2.687045
1.997506
4.936447
.404764
2.270248
-2.068506
-2.828313
4.823939
-5.204013
-.181928
-1.662753
5.986176
-2.636367
-4.242178
-4.693301
1.671697
.401593
1.18698 
2.918998
3.241364
-.458757
-1.660663
3.40539 
-1.505592
5.988239
-1.257899
1.305614
.815358
2.901001
3.792215
-6.966181
-.117394
-4.800755
-4.653609
-4.47364 
4.315906
-4.722428
-2.927269
-.211878
-1.255959
5.93707 
-.794003
-.371201
2.884482
1.210842
1.867538
-.662298
.367966
-.461262
-2.358133
1.766081
-2.669804
-5.009258
-1.766776
9.204899
.341267
-1.803287
1.185817
-1.523336
.200398
.381286
2.753842
-1.390261
-1.008163
4.24733 
-2.517903
-3.395466
-2.242059
-5.671068
1.606206
4.077379
-2.373562
-2.608985
-2.414209
-2.89341 
4.29271 
5.883713
2.34142 
1.312224
-.108105
-2.921588
3.790994
2.611383
-2.411174
1.507025
1.603667
-6.49136 
6.039682
-3.374772
-.948156
-3.559255
-1.699078
2.918378
1.768183
3.011942
-3.479151
1.185098
-3.636154
1.423824
-.484178
2.656332
-3.730661
-5.101308
2.209951
1.949852
-.483727
-1.938046
-.403757
.632473
.143658
-3.649956
-2.718148
-2.236842
-2.869575
2.519367
.948496
3.38621 
1.418453
-3.649298
-.41582 
-5.281832
-5.879364
1.668339
-5.823853
-7.042946
1.89756 
-1.670407
3.713328
-2.565787
1.858278
3.159126
-3.276716
-3.424528
4.92353 
1.884032
-3.329594
-2.294435
3.840053
2.346964
-1.62442 
.485759
5.964754
-1.798638
-2.722577
5.764756
-1.104166
1.89974 
.610204
-1.575084
-.916232
-3.021356
-.41776 
8.084124
1.296017
7.336726
-3.65816 
-3.178234
-.866853
1.003182
-.038503
1.277854
-3.853357
.543659
-4.923318
2.678557
-3.817837
-4.398554
3.105801
1.893921
3.342571
1.483319
7.031606
-2.159786
.239947
.847305
-2.001565
4.050462
4.537058
-.464342
3.05416 
-.572443
1.969188
1.136256
-1.616468
-4.835561
1.351984
-1.209494
3.759788
-4.652096
1.240064
-1.16375 
-.374369
.614924
-2.279778
4.369225
1.588957
-3.436504
.349331
4.778445
-6.107471
-4.739285
-.322634
.677294
3.877877
7.191523
1.137345
1.39057 
5.300617
3.34454 
-1.408035
-.187863
2.650487
.911248
-8.306426
.158636
-.049033
-1.454265
-1.692634
1.390972
3.658829
.503128
.585492
1.627943
1.128954
2.313119
-.316236
-.321326
-.139635
1.321243
-1.232035
3.340176
.040236
-2.900334
-.574044
2.740162
-5.755433
2.743818
-.391376
-6.623143
-2.575852
.416251
2.750821
.050007
-.20645 
-.575576
.880557
-.052999
2.95156 
-.338532
-5.029468
2.325192
-.665554
.306714
-4.628218
-3.682168
-3.526781
.21846 
.284278
-3.587807
5.43184 
6.397747
7.011585
-3.110726
-.648505
1.850617
-1.379017
4.588152
3.012001
1.197875
2.385418
1.203779
6.504783
-2.978409
.154959
2.251362
-2.301242
-5.697161
.284671
.529342
2.987748
-.593128
3.471738
-4.570317
2.335962
4.093646
3.842767
.689744
-1.091777
-.664109
8.683734
3.462259
.371322
4.147969
-1.384661
7.591123
-.337804
2.096847
1.712117
.917992
-3.30601 
4.89953 
.372567
3.283038
.653295
-6.811164
-1.6138  
1.035594
-3.43186 
1.536689
-1.598777
-4.226526
.084900
2.875219
2.680518
-3.188565
-5.880782
-4.518762
-2.602832
-.067380
1.166972
.090435
.019108
-2.999033
.623338
-1.206054
.646149
-1.33133 
5.307367
-2.28769 
-6.279258
.051220
.271452
-2.97023 
-3.863583
4.614427
2.50189 
-2.184321
4.147832
-3.994302
-1.125975
.105505
6.63951 
5.272422
2.26563 
-1.883914
-2.33601 
2.391342
2.209585
-.020935
1.107327
-.597544
4.279394
3.086654
2.240682
.733845
2.195207
2.53018 
1.162438
-.515516
1.723606
1.551294
-.918996
-4.053356
1.122638
.746447
4.796355
-6.545887
6.054171
-.433532
-2.383046
-1.246322
1.793026
.209427
-1.137959
-.163219
2.542663
.259658
-.78873 
-2.245568
1.078525
4.287354
-2.17292 
1.827144
-.551672
-2.332972
4.362147
-1.768917
7.920197
-4.58148 
-.649868
3.133365
-2.48808 
-4.948202
-2.567306
-3.867665
-3.645429
4.479264
4.584617
6.548403
4.307663
4.547358
.762155
2.881047
1.487236
-1.643104
-3.314239
.86201 
4.68891 
.220907
2.47929 
.062692
-2.462508
-.81812 
.524889
1.536604
1.875542
-3.622883
1.32428 
-1.157798
2.11074 
7.773098
-4.614558
-1.587078
-3.8153  
.322909
1.997487
3.440123
1.940797
2.049333
-2.184897
1.198511
-.922708
-2.68178 
-7.806866
-.673958
.750589
4.566007
-2.531564
-2.864639
-1.033868
.810369
-2.361379
-1.399078
-1.624042
.989788
-3.831204
-6.303278
-6.623604
-4.951687
-5.170948
5.708333
-3.049044
4.117125
-1.789079
4.489316
6.210575
4.065009
-1.53316 
-6.625787
-2.070109
-1.851567
-1.7039  
2.210422
4.145224
-1.937816
1.600743
-5.06078 
2.846387
2.855714
-.386908
2.252759
4.483512
1.547649
2.756746
-1.381929
1.528864
-1.367998
-5.960347
1.181987
7.481711
3.515236
.85527 
.428333
-.718445
-1.454518
2.142315
1.301217
-5.32974 
-1.973224
-1.901731
3.383841
1.925441
3.876094
.996859
3.089983
7.926097
2.382916
-2.559208
-3.030071
-2.087068
2.557695
-1.317183
3.27859 
-1.734813
-4.972327
1.673284
1.759881
-2.253843
.133982
1.774854
-1.085085
-.943294
-3.781892
2.886979
.899135
-3.142247
1.473542
-1.117079
-6.603946
1.970609
2.616821
.663479
2.219809
-3.235193
-2.461327
-4.060129
1.583207
.600156
-1.605314
-1.548442
-.205628
2.38227 
.517683
-6.18088 
.904237
-1.32947 
.603422
2.960915
-3.973692
3.603498
-4.862615
-1.807396
6.479844
3.11241 
-2.502328
6.260983
.445039
-.036905
-4.230388
-2.638937
.093224
.335186
1.53842 
.196779
2.385347
-6.331964
-.908585
-3.319314
3.185521
-4.268347
3.813153
-1.277189
-2.260537
4.529913
.874371
1.546913
3.047789
.356094
-1.798756
3.201107
2.593665
.227697
-2.85916 
2.574272
-1.559338
.436701
-1.65549 
1.187637
-1.25796 
.293577
1.978091
-1.901849
-1.50344 
-5.218137
4.645774
-.433575
2.621163
1.881382
-1.586007
-2.560174
6.922441
1.393191
-4.337387
-.109015
4.688931
.721329
-.024653
1.337925
2.903411
.491964
-.043117
4.228974
5.136007
2.27486 
-2.835914
-.624191
-.900422
-2.440621
-3.22965 
-.93506 
.685615
3.750756
3.891377
-2.09945 
2.997778
-1.71173 
3.00671 
4.437548
5.703258
-.166074
2.196446
-2.510228
-4.682591
-3.24274 
-.041343
-2.599791
-3.84448 
-.626181
-3.901017
.430774
-3.71261 
.76553 
-.890388
-5.037015
-1.115144
-1.485863
7.758653
2.554791
4.958521
4.19241 
2.952437
.318116
.381688
-.303258
-.963667
-1.898519
-4.987636
2.669028
1.667778
1.531995
-2.589619
-6.800745
4.125901
-2.195326
.448329
.926763
.494664
-8.981214
-2.648815
4.287732
6.247671
-4.60222 
-7.93402 
2.393025
8.788922
4.529965
2.551106
.285769
-1.512464
2.677492
2.192652
-3.270846
-4.312359
.383152
.507459
-.558084
3.744465
.733083
6.424468
-.985599
-2.548671
2.68215 
5.374745
.577339
4.117352
-1.916803
.433505
4.299779
-1.181316
3.042885
5.84067 
.531398
-.040605
4.427163
-1.47155 
4.385866
.748308
-2.762998
-2.09583 
-.98929 
-6.569332
2.024222
5.976325
-.851955
3.850971
-4.699695
3.003679
2.414932
3.856769
5.12304 
1.665313
-.591245
2.324414
-3.210995
3.205155
2.525621
3.288488
-.289629
-6.889525
4.160052
5.269658
1.519088
-1.793691
5.694056
.252404
.58899 
3.070325
.69374 
1.770922
3.056896
.702983
-1.440361
-.171889
-2.542927
.495145
-1.742241
-.469887
-3.444258
.642902
.166851
2.196933
-2.132447
3.023819
-3.262621
-2.254442
-1.025651
4.993605
-1.357078
1.29372 
-2.09556 
-4.106103
2.806416
4.237777
3.908377
.038182
5.751356
-3.094045
1.013144
1.351466
-1.765428
-2.823558
5.88599 
-1.647967
2.137151
2.639855
.558606
3.667294
-.742346
.057693
-3.239171
-2.935004
1.497075
1.931708
3.236358
4.759996
-2.522062
-8.277644
-1.910155
-6.533271
3.64429 
-.493286
4.409322
.432095
-2.373105
5.003619
-4.009533
-1.35693 
.506441
-4.763841
-1.787339
.061924
2.703798
-2.626929
-7.086729
-.466118
-.045884
1.917217
-.709795
-.598651
2.634476
5.065096
-1.686437
-7.115549
-6.816226
2.140868
-1.708338
.023892
-.403176
2.960502
-.904006
-1.068462
-2.098215
-.52245 
1.08507 
-5.454974
.206792
1.495119
1.044458
.136154
-3.97215 
-4.882756
1.382559
2.799537
-.698261
1.885894
-.50558 
1.142814
.714598
.008787
-1.405551
-2.213877
1.301434
6.168511
-2.430356
-1.179649
-3.851556
-1.459757
5.283165
9.098934
-.475208
-2.459062
-.53008 
-1.845986
-.424187
-3.677018
-1.206934
5.824136
.556128
1.943057
-4.36501 
-2.061917
-4.941363
-.226989
-1.578749
.94039 
-1.267913
-2.403699
2.070368
-.961136
-.742041
1.729283
4.071851
5.562385
-4.785238
.489832
-1.742885
3.493224
.44509 
.582758
.701842
-2.856793
.037364
-1.03447 
-.673254
2.619874
-3.617358
1.640306
-.601328
-4.102368
.343296
-.846488
-.693861
2.306778
-2.522747
-6.146579
.508255
1.303089
.6754  
-4.946314
2.628045
.651887
-4.691515
9.698005
-8.379193
-2.281963
.057246
3.898352
2.366622
-4.381911
-3.035732
2.02678 
2.337736
-3.946913
2.35216 
-1.703214
.430795
-1.607346
1.48232 
1.462392
-3.142926
.100916
-1.849041
4.169623
-3.152085
-3.130398
-.612834
5.012547
2.414659
-1.509697
-2.004345
-.986779
-.792457
-.32346 
.393685
.147106
.44572 
-3.781331
.052868
-.099814
-4.536309
-3.269195
3.935457
-.109907
.832314
.701914
-4.445083
-6.038954
-.718344
5.377406
4.623047
-.158417
1.965842
-.11072 
-4.905156
-1.730076
-.929702
2.411078
-3.927441
.97315 
2.684988
-1.054276
-1.103078
4.696127
-2.411704
4.206997
-1.968007
-2.426604
-6.09243 
-.162924
-1.00553 
-.966075
1.775845
-.170534
-1.204815
-.698553
-2.346172
-.471122
-1.727189
-1.673101
-2.672188
-2.676446
-3.160474
-7.039114
-1.644974
.576416
2.090763
2.021523
-.22837 
-2.079833
2.109014
4.803191
7.609418
-.935656
1.503645
-.901078
2.241425
6.052277
3.154302
-4.253073
4.544792
-4.502334
-.287108
-1.614277
1.031078
-3.003196
3.017626
2.003572
.126683
4.645926
-.311089
-3.183823
-.192402
-1.493654
1.078649
1.626081
1.796906
1.226148
6.517702
4.029826
-.122121
.741014
-2.657454
-2.555344
1.522039
-1.979906
2.354766
3.007702
-1.818935
-4.708976
.452007
1.556513
-1.039532
.099882
-1.283123
-3.869515
-1.014659
-.014427
-1.184417
2.975871
.790397
-2.284239
-4.667319
-3.93795 
-3.586786
-.790644
-4.564985
4.240274
2.310089
1.525408
.970455
-3.293978
-5.410817
1.028095
-3.8834  
1.430309
1.020029
-.323024
-.57421 
4.492389
-1.515776
1.661349
-.984398
1.49247 
.447097
-.46134 
-2.022108
-2.058947
2.368616
2.099451
-1.409604
-5.308463
-2.363391
2.860591
.597379
-3.780627
-2.768992
2.030999
-2.217746
3.292969
-3.745336
.354429
3.747003
3.364385
-4.409862
.835099
6.868865
-2.682976
-.425088
.398039
8.265541
3.703601
1.611692
-3.732706
4.368894
-1.970969
1.336095
1.407391
5.161164
-3.510898
-2.960281
1.486985
1.442795
-1.620059
.296052
2.962678
7.251592
-.901798
-3.727742
3.733925
.677522
-.697402
-.061425
.5412  
-.698021
.519748
.257673
.64331 
-3.291672
.629101
1.10063 
.417694
3.994725
2.309675
2.912253
.885935
-2.196203
.082689
-4.362199
7.492358
-3.179318
-2.897942
-.515572
1.437034
-.564026
.065957
-1.726283
7.886551
-1.651035
-1.687875
1.141371
3.833194
-3.79955 
-3.53492 
-2.16776 
3.002805
1.339276
-2.879574
-1.531931
-1.668187
2.588339
-3.205369
2.57676 
-.496166
.60863 
-.468049
-4.594277
4.350706
-1.178122
-1.574671
.852075
.51031 
-1.457633
-.975176
2.132753
-1.117405
.790534
.804976
-2.124021
2.417486
2.357029
-4.240854
-.203674
-.335531
-2.098321
3.50026 
-5.318594
-.911535
-1.603524
1.460706
2.111862
-5.945459
-1.379153
.907638
-.24197 
.118671
-1.973787
-2.405714
.611772
-.662209
6.203329
8.956138
.922572
-.489474
-.823436
-1.738272
1.362043
4.542262
-1.81409 
-.823107
-.770794
-.036532
-1.121897
-4.327977
-3.446592
.80833 
1.505198
-7.952186
3.716861
-3.746755
6.014782
2.845067
-1.259017
-2.085564
3.787188
1.419683
-2.721291
-.672211
2.50057 
-7.076735
2.732356
6.887984
.148138
.273731
-3.956671
2.319171
2.716942
-2.183051
-3.310574
3.882951
4.01191 
-1.484085
2.372853
-2.319818
.035369
.550703
7.050733
-1.99977 
-1.254772
-.763073
-2.914142
.93442 
-7.324758
-.875717
-1.692879
.566272
-1.143377
-4.048902
-.371791
1.689663
-5.109392
.32637 
1.058546
1.093372
2.11604 
1.703936
-6.984177
-1.924164
.719508
-.071926
.169551
-3.003883
1.218881
-.784669
1.341892
-1.949405
-3.222971
-2.524578
-2.482293
8.041974
5.494934
.737693
1.543149
-3.555563
2.086445
3.241709
-2.024515
-.53502 
-1.79316 
-6.882125
4.510363
-2.061497
1.200843
.91223 
.048088
.318128
2.747117
.765351
2.523881
-4.816665
-.649001
3.237612
2.321459
-1.333882
-2.243388
-.703192
.077700
-3.657007
-.355747
-.100933
3.705899
.222919
-2.516218
2.260135
.891517
2.124514
2.534165
-3.137618
-3.985479
-3.607523
-4.473833
.091848
-1.37887 
-.993371
-.758691
1.678483
2.186924
1.174691
1.773539
.534227
3.059163
-.553225
2.61158 
-1.254759
3.586086
.015223
.53028 
-3.47915 
.498395
-5.146094
2.413198
1.02166 
-.304651
-3.142785
4.182218
4.117332
-.351771
3.508168
1.1998  
-6.869199
.740894
-.581023
-1.040996
1.556002
.321653
-2.444754
-2.785686
4.363402
2.770576
5.609849
-1.444109
-3.983327
4.857172
-1.607338
.764609
-2.589341
-.927888
-2.900512
-2.267989
-4.708334
1.144238
.639959
3.518449
-4.666886
-4.189261
6.180405
1.621534
-4.183411
3.120387
.838154
4.541734
-.550313
1.955644
3.401931
2.737808
-.912016
-2.849168
-1.270989
2.900855
-.542048
1.323613
1.940731
.269614
-2.447673
-.567139
4.992314
-2.88567 
-4.000698
.417074
1.659112
2.81046 
-2.122682
-2.285444
-4.494889
-1.236768
.433573
2.393963
-.693987
1.631904
-8.348303
2.639103
-2.982856
-.659879
2.931723
-3.424208
1.458267
.301492
5.629919
-3.410988
-.709651
.517941
2.581069
-1.017268
5.908217
3.136303
-1.136495
-5.428603
-4.446196
.128694
-.227752
.583367
1.162933
2.727878
2.961825
5.219249
-.828927
-.710088
.577184
.525367
3.914342
.380164
-.186473
-1.336503
-6.427295
-1.250278
-1.106927
3.658941
5.374838
-3.70595 
.650465
2.319703
7.599168
-1.842542
-.870013
-4.35426 
1.710938
-2.051311
3.510936
2.965735
-6.678099
.293054
.657281
-1.156968
1.298694
-.891711
.570149
7.16757 
-2.053762
6.668415
1.564778
-.192147
.587849
.562383
1.531809
.178126
1.43173 
1.71726 
6.563696
-4.863532
2.286826
-2.759249
-5.092045
-4.491588
1.291794
2.892406
-2.440404
-2.614431
-.632943
1.318658
.963845
2.619905
5.177847
-3.70585 
-1.227719
-5.850617
3.527501
.098571
-2.510287
-.995375
3.333579
.772103
5.346495
1.274923
.658446
-4.407109
4.358661
5.043484
-3.295038
-1.740325
-2.601979
6.95964 
-1.071618
1.419343
-4.716392
.204491
.413535
.162186
.278349
7.874145
2.124244
2.976775
-4.343341
3.829767
1.969087
4.009605
-1.005984
6.503114
-1.340278
-5.177806
-10.162673
-1.797448
2.729787
4.889514
-.125959
-.621954
3.308231
.836418
-5.761382
-1.202295
-5.048528
-5.183372
1.794365
1.782943
1.158878
-.968256
-.011545
1.085222
-4.623603
-1.564493
2.281634
.806002
1.943817
-.579941
-.132161
3.370489
.933852
.386406
.620287
-1.201271
-.048015
-1.808583
.393258
1.600071
-.171421
.515396
-2.313009
2.851673
3.604443
-.722396
-4.045974
5.846103
1.587887
1.105845
-4.789166
-1.180998
-2.488356
.481061
.537987
4.448969
2.61591 
-6.167021
3.476933
2.998524
-1.373661
-5.858728
4.796115
-2.46964 
1.532599
-2.416001
1.295796
2.31788 
-3.874723
-3.477446
3.749604
5.828465
1.423071
-1.085262
-2.683921
4.323178
5.572493
-1.881055
.275006
4.883362
.097222
-2.4943  
-1.853624
3.774467
.369491
3.253255
.340841
-2.04157 
-5.405231
1.577864
-1.543048
-4.109009
2.598068
2.396694
4.142006
.45927 
-1.525942
-3.756206
3.800099
1.173397
1.454559
2.268994
1.607208
1.970549
-1.371717
4.578314
1.755795
-.30336 
3.5663  
-.093920
-1.496626
-.352889
-.862146
-2.363601
-5.471706
1.440025
1.106513
.700835
1.395029
5.074579
-1.984383
-1.221737
2.95041 
.490514
-2.238678
-6.463614
1.066046
-2.112505
-5.340545
-.576773
1.653617
-1.947737
1.870048
3.735555
-1.151605
-.067680
.025317
2.033261
-3.060007
.305321
-3.410711
-6.713107
.864449
3.872244
.041677
-1.778263
1.823844
3.536998
-3.471334
-1.042636
3.247923
-4.529496
7.541931
.544225
-1.446018
2.950515
-1.901992
-1.154934
4.326806
-2.20966 
-.424391
.287681
1.247075
-6.858949
2.726186
-7.468783
-4.135933
.205763
3.741992
1.696942
-3.207456
3.166548
-2.728755
2.294682
-4.941541
2.156636
-.936382
.740428
5.274405
1.969151
-.381503
-3.63764 
.636695
.116065
-.014522
2.805976
1.492921
4.922986
-.177283
.54435 
-2.792146
-.943346
-2.314966
2.196275
-.563295
.709946
3.541733
1.059489
-3.694577
1.082439
2.121781
-1.337294
4.313507
1.185119
-3.625636
-4.563845
1.3453  
-.943112
1.037152
3.787019
1.637315
.104669
-1.830511
-4.196972
-3.984819
.329949
1.08584 
1.755691
1.994366
-.300185
-1.73915 
2.567094
.796893
-.011260
1.874629
-2.097272
1.088888
-1.970461
2.688314
3.778284
-5.392724
-4.044225
-4.002894
-3.262901
2.849649
-.390323
-.634872
-4.136346
.638344
2.098392
2.204492
-3.144774
5.308436
-1.268002
-2.082539
5.491867
-2.143647
.385068
2.073091
-6.601071
.568006
-.378705
-2.0394  
4.649319
-3.082549
-6.096686
-1.8341  
1.784988
-2.27662 
.332482
1.940406
1.432465
-1.249965
3.298737
2.254522
.717972
.461764
1.208234
-.700592
1.313393
1.313281
1.005715
-.339399
-4.864995
-3.92544 
-1.504721
3.466391
-.685708
-2.895419
8.18935 
-1.051946
6.366895
-4.361437
3.067719
2.268328
-2.416973
-4.421782
-1.857532
-4.083873
-.269237
7.233471
1.392334
.134646
-4.04788 
-.220406
-2.469163
-2.965865
6.008525
.269234
-3.026086
-.145951
-.660761
.165736
2.155176
-3.807729
3.659064
3.9768  
-1.739967
-7.6294  
3.687555
-.106518
3.355485
4.132804
-5.435049
-.324299
-4.166827
2.468625
1.516041
-5.793418
-3.070166
-.807918
3.040587
-.57139 
2.077045
5.537004
.138827
3.871017
-.324391
6.114654
.612143
-3.963578
.6321  
.015116
1.327283
1.199937
-1.779617
-2.116263
2.496115
-2.095525
1.054405
-6.403766
-.383135
2.982863
3.830482
-2.22626 
2.201506
-.044964
2.930519
-2.178392
3.108017
1.586007
1.791644
-1.563069
3.4664  
.914575
-2.757041
1.101786
-1.295018
-3.365563
-2.057628
7.611945
4.722254
-.327163
-1.812497
-4.01038 
.630769
2.033087
-3.306186
-4.086565
-2.12453 
-.160216
-1.704991
-2.088417
2.928365
-5.411026
-6.941139
1.811352
-.251018
-2.088805
3.441587
-6.559898
1.150428
-3.295457
.003065
-6.98786 
.234182
2.943636
1.480175
-1.91435 
-.180418
1.86733 
1.562566
7.466895
.3228  
-1.713163
-.999481
.518178
7.906808
1.551336
-.407718
-2.17019 
-.059853
-6.369579
2.146172
-.236523
1.541179
3.822014
-.727653
-.008326
-.004765
5.758303
4.32313 
1.119686
-1.372547
4.989011
.393505
-1.060382
6.475019
-1.497667
.818713
-1.148485
4.783774
.089241
-.221666
-1.463544
-9.222587
-1.850315
-.764122
-3.840373
3.190775
1.790201
-1.885241
1.808022
1.796872
.342964
5.157568
-.714966
.193926
3.065792
-3.873703
-.428856
3.627025
-.342197
-.571095
-1.360186
.828972
3.220793
.933818
1.435209
3.630716
-2.442908
4.100861
-.995884
4.702524
4.207836
.958174
-.145028
1.266242
2.422484
-4.120209
1.571641
-.110075
.101973
-.516293
.363425
-.095601
.295758
-.485975
-3.899322
-.504468
-3.260039
-4.406931
-3.452961
3.385337
-1.238723
-4.023651
4.690977
4.391916
1.040045
.037986
-1.048393
-3.07679 
1.430451
-1.437524
3.050131
-4.386914
.375264
.417832
2.401694
2.833709
5.206577
4.750381
1.324029
2.677915
.552452
-.992179
-.29824 
-2.038781
-3.024655
1.826087
-3.782695
.506137
1.24648 
-3.864463
1.741556
-.078849
1.5164  
-.008791
3.291637
-.711823
3.724086
1.267724
3.960249
2.354795
-6.300907
-4.154164
-.737658
-.679761
-2.434614
-1.457839
-1.023091
7.462042
5.207515
4.877525
2.2052  
7.318311
3.958824
-3.01463 
-4.921097
.157414
-1.234479
.461242
-.9107  
6.146971
.924742
-.774585
.652539
-2.253127
-.236908
1.956515
1.270998
1.800664
.324604
-2.385554
-.834944
1.529083
1.578632
.62838 
.439173
-.436028
2.945264
-1.239248
-2.923409
-.856182
-3.710139
-.372687
3.326836
-.606222
-5.918967
.104425
.932997
3.637209
-2.134906
-.12506 
.098613
.115767
1.444699
-.138506
6.77695 
3.245927
1.253711
-4.885459
1.698415
1.553646
-4.331221
10.72652 
-3.939224
-2.263367
-4.551682
4.287873
-2.815123
.391158
-2.132431
.118871
.4739  
-.182289
-1.480335
5.577734
-4.272739
-1.073988
-.895067
1.049966
-2.213523
-.994978
2.277983
-.000533
2.643084
-3.381129
-4.243076
-.247424
-4.165566
-4.302532
-1.541752
2.465323
-1.145495
-2.951576
-3.988078
1.052245
1.40105 
1.828463
1.690195
2.314567
-1.993944
-.699488
2.511229
1.613996
1.910225
1.972883
.273147
.013894
-7.502609
4.334314
-4.418877
3.887847
-2.074361
2.047599
1.80213 
-1.830514
-8.160988
-.594472
1.343405
-3.984349
-.670705
2.083856
4.282603
-.18097 
2.050793
1.611957
-.042194
.395911
4.280784
4.9287  
4.529293
.058124
3.379338
1.763496
-.821194
.652754
-3.445739
-4.298762
-.259836
-5.207158
-.009764
2.058202
-.892795
1.128372
4.466331
.169875
.571754
.645363
-4.773402
2.74495 
4.729224
3.705152
-.490053
3.713376
4.37425 
-5.106667
-1.946149
1.682412
.540524
1.738444
7.484011
.275457
6.197816
3.082417
1.366426
-4.079395
-2.017147
1.097434
1.995617
1.10015 
5.108691
-.447568
-1.217843
1.172761
-1.713687
1.977939
.001076
-.510868
.758004
.360474
-2.18177 
-.040100
-5.678735
-4.754327
6.005127
-1.173186
-5.342171
.116615
-.49834 
1.031806
-3.971852
-.133306
2.727396
-1.684689
-8.411043
-3.322219
-.036332
-2.033927
-3.817532
.974902
.044317
1.230565
-9.931643
1.859594
4.973274
1.366171
3.121904
-6.574134
3.22746 
-3.43809 
-1.576852
4.738589
-1.324959
.525586
-4.80627 
.647754
-4.350015
3.554167
-2.24528 
3.044785
.130416
-2.890864
-1.594492
.284727
2.943791
-2.560807
1.769901
-1.896842
1.154888
-6.979982
1.460506
2.7605  
-1.595361
6.595873
2.803608
-4.407353
2.023798
2.32235 
3.209431
-.21439 
-3.54816 
-5.372238
1.881436
1.569659
-2.0664  
2.999017
-3.288323
-.233272
-2.523748
-.383196
.333962
3.716828
.946688
-.45297 
9.820438
7.593548
-2.768671
1.428824
1.608659
-.42302 
-5.149812
2.938294
-4.076161
.462668
-.017448
1.005345
-.897864
-2.253584
-1.138274
2.132919
2.056918
-3.093272
-2.155169
-.11351 
5.450807
1.158284
-4.225724
-3.577192
2.104807
-.012451
1.425833
-.205067
4.151129
3.311254
-.112259
2.955066
-6.324938
2.448584
-6.915513
-2.207533
-4.589471
-3.177744
-3.401608
-4.1637  
1.837277
3.305893
-6.168482
-3.702133
4.978778
-1.966997
-.676745
-.608945
2.617069
.738468
3.949949
-3.94182 
-3.304671
3.507018
.88521 
1.034474
-.841539
-.855609
6.313317
-.6067  
3.358369
-4.004283
2.557267
3.686207
2.240823
-2.209662
.796147
-.570173
.046986
.477758
5.832012
-1.662606
-3.32788 
2.77894 
.647111
4.3028  
-2.379778
-3.618583
-5.147024
.862436
3.963869
-3.473696
-.238177
-9.112636
-.966342
1.670223
1.648367
-1.783643
-4.434791
2.535214
1.1078  
1.479566
4.365543
.925658
5.157761
-3.843263
-5.942484
1.614832
5.350571
.669649
3.25032 
-2.312911
5.896712
4.481517
-2.197479
-3.111987
1.095993
2.431622
-4.021473
-.437939
1.380077
-7.478627
10.623527
-3.304176
.36346 
.345509
1.051716
-.350291
-2.198676
7.377005
3.472732
-3.220207
-4.805291
1.795691
-.423341
-1.967692
-2.197711
-2.831241
-4.596802
1.438924
4.471587
-.32253 
2.984996
-1.717385
-2.286342
1.609934
.838001
.270925
3.479773
-.173399
.207297
.285571
-.064522
2.211075
-5.519155
-4.388088
-1.532316
-.509189
2.151691
-3.861814
-1.806109
.515324
.904446
-.701146
6.313492
11.131522
-2.540263
5.450042
-2.251213
1.385316
-1.781995
-.372439
.480492
.680711
-1.66776 
-3.715443
-.133591
2.30566 
2.917429
1.167808
-3.555543
-3.065775
6.016363
-1.923379
3.125091
-2.545611
1.975647
5.607997
-1.274621
-4.135108
3.643905
3.643094
-2.548231
-2.086496
-1.42096 
1.154701
-1.743438
.723195
-6.108672
-2.12275 
-1.37392 
-.892402
.329321
-3.294426
-.690525
5.738023
2.512383
-6.759703
2.027428
-4.216082
-.314304
-1.028642
.332297
-3.626113
.872677
-4.536971
-2.329473
9.093155
-3.867801
-2.371075
3.747168
2.509588
2.046631
2.130617
.939353
6.404237
-3.576231
.972649
-1.149092
-1.223019
1.650231
-2.139807
.444804
1.406762
-4.866545
-1.990482
2.532544
-2.877487
4.74165 
-4.638771
-.39808 
-2.483026
.969936
2.85879 
-.797969
-4.162266
1.044586
-3.170705
-1.454624
-5.147654
3.402827
5.977687
2.570685
.66258 
-.022614
2.582882
6.618329
5.102141
-1.993828
.168164
-.22748 
.451945
-.110023
1.479662
3.151486
-1.138548
-2.158024
-2.156381
.509282
1.953543
-3.500423
7.128673
-3.588692
-2.919995
4.894724
.081913
2.244383
.105033
-5.484393
-.616322
-3.574496
-.272796
-2.47665 
-1.642851
2.763001
.42802 
.876799
-4.886742
2.249618
-5.083789
1.839085
.36337 
1.64314 
-1.226618
3.077848
.090624
1.701209
.169154
.676725
.577225
3.020767
-.982839
1.383065
-1.782421
-.260083
4.38232 
-2.226152
3.579657
-2.331932
1.977317
1.192459
-.064409
-.562155
-2.288097
4.968148
3.974662
2.247002
-6.44191 
2.579503
-1.002115
2.970889
-3.910632
-1.04798 
-1.03431 
2.015607
3.216033
-2.579049
-.189107
4.282719
.419408
.626311
.124209
-3.207352
-4.382138
-.769825
5.304968
1.417211
1.533587
2.520614
-.422279
-1.765112
2.147188
3.571786
.698938
-.044465
-1.338544
-3.394482
.815483
-.092580
-5.619069
-1.602857
.130737
-.951833
1.355853
2.250365
-3.792771
-5.6194  
-1.077053
5.502873
-3.135273
-3.511098
1.144611
.404685
-.570266
-1.063811
-5.096523
7.878688
1.797281
.243845
-4.030611
4.703707
7.254476
-3.61589 
3.59307 
5.27518 
-2.590114
2.819653
-6.9737  
4.474219
-3.86368 
-2.155171
.756986
.56671 
-4.685466
-2.319954
6.321122
3.067653
-1.865138
-.406908
.164607
-4.372932
2.998849
-3.188806
-1.851578
-1.538131
2.411608
2.249787
-2.455768
3.562012
-1.328944
-2.163796
-1.36218 
-1.507567
1.857869
3.172112
1.009608
-1.738897
-5.256683
-.316682
-2.314691
3.161239
-4.197511
1.779403
2.633638
1.358839
1.328864
-3.681978
4.094848
-1.825654
-4.201971
4.717461
5.94437 
1.164946
-3.889643
1.900486
3.767375
.315746
.20545 
-.67575 
-.35404 
-.75309 
1.02849 
-1.518614
-1.503985
5.21451 
.535518
1.41252 
.730758
-5.590827
1.757104
.559455
1.984773
-.122354
3.916196
-2.07934 
-2.619003
1.263423
4.184323
-1.280278
-.855835
-2.498261
1.671183
-1.139973
4.040679
1.053494
-1.037326
.703976
-.166194
.012617
1.743069
-4.548053
.870725
-4.178884
-2.107358
-2.941996
-1.550737
.786953
3.521553
5.873452
-4.11457 
-.21015 
2.394419
5.83251 
-1.005203
1.896256
3.375844
-2.542157
3.158498
.369048
-1.47233 
-3.928168
-.416703
-5.452553
-.788651
4.788348
-2.406967
4.738037
4.748441
.558597
-3.592104
-.10413 
2.478707
-2.616582
.094157
3.140982
-2.533732
-1.769293
-3.350927
-2.193915
-.173806
1.644771
.311354
-2.432117
-2.773543
4.318398
-2.111606
1.638514
-.788895
7.393197
-.896262
.383722
-2.378944
-7.437622
3.696747
2.974275
1.033115
-5.792974
1.349685
1.944791
3.946253
4.940264
-4.509647
3.349563
-.337906
-4.644715
-1.978973
-.177747
.692073
.496253
-9.401819
1.044524
2.061772
-4.911537
-4.870283
2.544233
.368174
-.216459
-6.660633
2.204887
1.144649
3.718469
1.120882
.046556
4.067169
-4.067437
-6.192952
-4.394717
2.591928
-1.779762
-5.379567
-1.785074
5.204392
-2.753243
-4.758951
1.020528
.091273
-1.96452 
6.751537
-1.748307
3.343361
4.756751
6.896917
-.410071
6.199783
2.226147
4.025704
4.369778
-2.771059
1.668723
-3.098887
1.746854
.964337
-2.50801 
-3.014301
3.50178 
-3.950417
1.659739
3.768561
2.046804
-1.347391
3.651318
-2.473973
1.558316
6.247298
-3.67971 
1.641056
4.78157 
-2.528428
.37033 
.575548
1.514202
-1.898354
-3.155899
1.79227 
-2.156856
.566719
-1.061326
-1.884056
4.659613
1.978893
1.345382
3.183182
-3.04281 
-2.929356
-1.051443
.512889
-2.943877
-2.341264
-3.581035
1.446486
-5.92056 
-1.107581
.763829
-2.945599
.086413
1.400938
-2.228408
1.694987
-3.470203
-4.232122
-3.024081
-.089928
-3.226931
-.12974 
-2.220199
-.282903
-2.89029 
.116625
1.025974
-3.554925
4.017646
.398658
-1.912838
.154262
-1.981059
1.472864
-6.562116
-1.203782
-3.375294
-8.336943
-.701471
.172398
1.851388
-2.865333
4.942421
-3.045198
-1.688555
5.037319
-2.736258
-2.575145
1.783247
-4.599916
-1.23988 
.651347
-2.343003
1.25201 
1.017962
5.692371
.819055
.802206
.740874
-1.441022
4.179298
-1.928005
.422196
-4.292295
-2.224844
5.122374
2.370782
-1.000462
1.091519
-4.391416
-.921048
-8.372677
3.837121
-.644619
.773115
2.437513
4.137431
.224517
-6.832986
3.063678
-2.344825
2.878996
4.66675 
-5.424641
-.781634
.809861
-3.52913 
-1.606328
2.964014
-3.108846
.966441
-4.32613 
1.17595 
2.630786
-3.92064 
1.802134
-.537995
3.786312
-1.889753
-2.52169 
3.131243
.973481
1.651133
-1.205454
-.331408
.175561
-4.290704
-4.922992
4.446874
-1.310124
-2.375195
-2.63023 
-.78075 
-3.078962
.794214
2.402752
3.11944 
2.365106
-4.55145 
2.235907
.436305
-5.730076
2.526682
.11267 
1.744773
-3.612199
1.665147
.773182
4.184901
4.465276
-3.451557
-.964058
5.293332
3.182456
2.815815
.035063
-1.649415
-.348966
-.069164
2.671758
-3.795445
-1.543141
2.143694
1.742598
.977495
-1.635001
-.589093
6.957644
-1.166627
-1.205906
-3.256427
-3.863011
3.870579
-.723849
-1.579592
2.890252
-3.209336
8.67092 
2.224041
-1.837396
-.023556
-5.292132
.670075
-1.742931
2.558033
-1.050165
-.699495
-1.190785
-3.554553
-6.260805
-1.628415
3.977098
2.699634
1.752033
.97399 
-2.279028
-.73892 
-1.703919
-1.363782
-3.477412
3.839511
.790288
-1.671504
-2.035494
-1.04648 
2.300073
1.459926
3.47961 
-1.987383
2.92932 
3.500902
3.028049
-.959955
1.101959
-2.863041
.378288
.320383
3.316086
.253622
.650472
-.670212
6.738482
-4.466341
-4.661733
-3.354315
4.118101
-1.440598
-2.639785
-5.209605
2.428631
3.732463
-.644142
-1.076733
.952937
3.350944
1.806201
.772092
-1.737345
.987274
1.983292
2.129226
-.098264
3.801518
-3.706105
.036256
-3.170271
2.064783
-2.677793
2.521055
-.589853
-1.206735
-3.59671 
1.673592
1.912538
-1.166141
3.006079
-.799777
-4.618742
-2.655518
-1.184668
-.101699
.245234
1.431619
2.998808
1.421389
-2.228466
.612575
-.317216
2.11307 
-5.190862
-2.489756
-.841554
-1.165756
1.95571 
-.969476
1.001748
-3.758487
3.695939
-5.108809
2.39179 
-.929061
1.049937
4.220116
-.76472 
-1.397333
4.740511
-3.400419
.025231
5.255841
.722724
.82398 
.827863
-.83708 
3.672034
-2.030383
-5.087045
1.699736
-1.367017
-2.901558
.757693
-1.32953 
1.848676
1.503346
-2.727373
2.338356
-3.508736
1.095422
2.059555
-.775783
-1.899313
3.36617 
3.145093
-2.760464
-2.10121 
-1.230947
2.801282
-.526722
2.719105
-1.515143
-.797954
.423699
-1.285523
-7.435951
-.642183
2.699114
1.127463
-4.67563 
1.458604
-1.789755
5.284899
-1.324327
-.423079
-3.166262
-3.627042
-4.156747
2.971962
1.129687
2.894957
-5.419163
2.734769
-.025585
3.098814
.020411
.144202
6.017039
-5.938701
.148801
5.384491
-.48406 
-2.180272
-3.142145
3.296401
-.577211
-4.615932
-.280135
-3.698481
-.61529 
-5.361452
4.992199
3.437784
-3.469278
3.543659
-5.499192
-4.152528
-.997562
-.89476 
5.401823
-3.40055 
-2.460893
-.254542
7.765826
4.341462
-.129068
.186362
-2.792226
2.880221
-2.8209  
1.180392
2.703814
1.801222
-2.586853
-1.552619
1.474504
1.244612
3.021675
-1.828245
.521154
4.46823 
-.057286
.490803
2.616976
-5.637641
-1.661013
2.330171
-2.84273 
-1.196764
1.792263
3.495435
-8.29442 
1.101154
-3.252832
-5.3547  
-2.025701
-1.086238
-1.011898
-1.604094
.565572
-1.940945
-1.522733
-.125988
1.700251
-2.161087
-.366703
-2.990257
-4.156846
-3.524508
4.132143
-1.688832
-4.948066
-.089704
2.686262
-2.53922 
-.114251
-3.223374
2.609048
2.727092
-5.248607
-1.468698
2.495867
-3.493154
-4.700675
3.357793
1.987944
4.967712
2.108572
1.458457
-2.841201
3.140429
.742953
-1.88408 
1.593464
-2.11635 
2.489879
.413669
-.83268 
3.409665
.807085
-1.942828
-.280319
-6.17906 
-2.723096
-.225257
-3.316933
.51651 
-1.86113 
-2.148717
-.412407
.73336 
-3.491754
2.183312
-.072743
-3.443691
-1.195546
1.952751
-1.302273
.52245 
-1.11639 
-.465753
-2.238604
1.897596
-4.089564
-2.133833
4.629187
-1.772692
2.899294
-4.985761
.070553
2.235503
-2.300434
3.663589
7.125315
1.557083
.770061
.150876
2.289704
-.82215 
-1.698354
3.470709
.025942
.821694
-3.110322
-6.637819
-3.841741
1.053357
-2.353134
-2.026829
-.82546 
-4.493845
-1.674867
.087106
.633744
.324677
2.486432
1.137136
4.062338
-.856063
-3.176152
1.915471
-2.427232
-.708439
-.700298
.388943
-1.872802
-.91516 
-4.996921
-3.296953
3.072771
-4.905487
-3.286786
2.413888
1.133204
2.227795
1.690302
3.57445 
5.346798
-2.444265
1.130583
1.457987
2.1004  
-.81677 
1.685294
.286768
-2.22792 
7.27584 
-1.25806 
-.671812
4.665703
2.583353
2.493734
3.04536 
-3.960718
-1.133381
-.121915
5.83602 
-4.431293
-.959297
1.108851
.291515
-7.060914
2.594513
1.696135
-4.759007
-2.154171
-3.38308 
.075896
-1.3478  
1.438603
-4.841373
-.819417
-3.664505
2.350896
1.501114
-1.805206
-3.504758
3.123808
-5.256553
-.219504
2.20408 
.427449
-4.96677 
1.291541
3.10452 
1.372022
-3.751802
1.889313
2.722528
1.87761 
-5.837361
-1.988049
.678633
-5.055393
-2.779167
.900712
-5.588397
-1.931244
-3.181898
-1.802727
3.442238
-.356175
3.364015
4.626868
-2.008506
-5.697804
-2.68118 
-3.448759
-4.360419
5.33046 
-3.712044
-3.611389
.429006
-5.753461
-.970517
-1.118739
-3.590785
5.370397
-.880782
-.203161
.559288
-1.333243
-3.023856
1.080236
1.288854
1.389064
2.028518
5.295375
5.377435
3.664053
-.719034
1.09131 
.473541
-1.564063
-.827888
4.190482
-2.826162
1.181493
-4.045499
-2.321177
-5.497745
-2.843623
.553056
5.36284 
2.14549 
-1.08531 
3.465663
4.469891
.282517
-1.516498
.348166
3.067855
3.457195
1.087511
1.971703
2.085304
-.291339
-2.218055
1.47306 
4.114203
.470896
10.151659
-4.513316
-2.878644
-.578277
-4.204617
-6.808951
-4.167593
.549864
3.826436
-.031465
-1.504468
-2.492366
1.479533
-2.689983
-1.646911
1.170681
-.73834 
.442712
.2609  
-1.785186
.469921
2.757895
-.459031
-.55038 
4.664116
-.698084
3.012491
-2.45873 
-.911389
-.590901
4.100586
2.310082
3.982755
-.822957
-.334146
.370914
-1.10493 
1.318845
-6.875876
3.463362
2.521972
-3.114211
-1.574648
-5.018292
-2.516749
-6.724915
-1.145237
-.954566
1.711735
.735361
5.03209 
1.441832
4.283741
3.698831
4.084022
-2.503396
-.887881
-1.30012 
4.419049
2.597455
-5.149237
-4.823266
.224718
-5.570459
-6.186206
.796704
-3.220798
-.578897
-3.151252
5.110839
.438367
.171927
-1.374152
-1.445195
2.781483
-3.532191
-.518564
.928879
-2.388236
-1.004743
-1.372119
5.085326
1.556612
2.085641
-3.437876
-1.090279
1.954991
2.481763
-2.680966
-1.377129
-2.628275
-3.181218
1.374358
3.277795
1.057985
3.731495
3.76522 
.205616
-2.668142
-5.760353
-4.414123
2.926473
-4.830983
-5.560323
5.447849
1.590661
.732892
2.131049
-1.829693
-.286708
-.256193
-.444665
3.804761
4.666203
-2.38022 
4.299046
.2953  
-1.408135
3.693804
-2.183271
5.968747
1.076879
2.01367 
-5.750295
-2.062799
-4.359438
-1.482835
-5.142972
2.990776
-.878606
-1.688962
-.443236
.20159 
-2.632019
-.153289
-2.280441
-2.110268
-.986769
-3.015235
-2.123518
-4.439699
1.986386
1.138191
-.607604
1.834476
.037839
-1.331722
.654506
1.721233
-2.642815
.507739
.825415
-.656844
.234696
4.915726
3.112499
1.098983
1.342784
-5.451609
4.937398
2.69451 
-4.024754
2.911714
.525242
-3.693819
6.445194
3.278789
2.472583
-2.901183
4.418199
7.25314 
-2.5063  
-2.625804
-.584453
-.221262
4.312349
-3.145108
-.56374 
-1.747747
-7.054546
3.599298
-.880359
-.200201
3.302842
3.170006
2.298402
-2.117085
-2.533144
-2.341828
.519935
-3.5204  
-2.413942
-2.880265
3.118533
-.994765
3.631041
1.668091
1.486578
-5.086665
2.76252 
-2.251185
-1.301066
-2.316325
-.891215
-3.491133
-7.658535
-4.713473
2.000782
.915723
.213794
1.211168
1.63304 
4.171037
-1.273527
-.747531
-.830727
1.772747
-2.319444
-.009128
.573384
3.839611
-1.317117
2.192768
-1.07441 
1.406843
-2.448648
-.630386
.886079
.986938
-3.172167
-.510876
-.229608
-1.034772
1.174276
-2.952275
-.933682
-4.19109 
1.530404
-1.051438
1.490738
-.896912
2.128549
-3.522098
2.483696
-2.780567
1.69636 
-1.851438
1.49925 
-1.289649
-.018375
-5.578499
-3.668018
1.401558
2.59645 
1.3748  
-.984073
-.888831
3.293793
-.354336
2.360342
.886501
-1.810737
-.320263
.403702
1.700099
5.346415
-4.090201
1.388849
.883695
-3.768215
1.184549
-5.023481
-.734346
-1.31117 
1.349893
1.414586
4.377127
3.556437
-3.171606
-3.231213
1.932437
2.288075
1.603708
-3.105761
4.888802
1.880885
4.815098
-3.56074 
-3.985057
-5.677599
2.708634
-.764007
-.548172
6.496019
-2.282105
1.013948
-2.369508
5.115856
-3.679222
-3.760369
1.044694
-3.236119
-5.066754
-4.807183
4.000547
-.203298
-.479512
-1.157045
4.67591 
-.335533
.809745
.707328
-2.133032
6.014023
-2.013938
2.30563 
-2.714631
.960466
-3.261337
1.637946
.795575
-1.102319
1.093221
7.166846
3.043105
.469004
1.651067
1.585045
2.570433
3.615388
-2.475338
4.380899
-4.057145
1.173653
-2.300118
1.780938
2.232835
3.975433
-.320599
-7.948833
-3.236256
1.840131
-7.364911
1.768658
.838822
4.153489
-.055849
-2.08344 
2.186655
2.886928
-4.70435 
2.665656
4.151318
1.45408 
-.164341
-3.823286
1.016292
1.28046 
2.253588
.61566 
2.620994
-2.548223
1.133247
-1.288643
7.058255
6.772459
1.455658
4.21218 
3.462886
1.417421
-.484688
3.858337
-1.895971
-.705161
3.74114 
-1.359326
.707226
4.566229
3.983668
-1.054381
3.252862
2.064747
-1.63079 
-1.365978
3.827599
-2.83343 
-.342216
-1.181539
-8.118145
-7.322159
-.14821 
.380786
5.499716
-1.623246
5.015275
1.537905
-1.233004
-4.569914
.162795
.807597
-4.366631
-1.875494
-3.648188
6.837761
-.031398
1.22398 
-1.739938
-2.7983  
.018623
-2.275228
-1.502656
-.69459 
1.342512
1.6753  
3.247776
-1.191046
-.799735
1.464454
-7.058799
.575918
-2.946433
-1.649967
-2.013842
3.180597
1.048071
-.559494
-1.782616
-4.640074
1.135821
2.431694
2.750973
-3.256887
2.126438
-1.316813
1.869048
1.578125
-4.475883
-10.136266
1.520752
2.300737
.904891
-6.725495
3.241199
1.616315
-2.650124
-4.980398
2.861241
3.911511
-2.951034
1.79815 
-.121255
1.528655
-1.368546
2.422813
-4.514117
2.068769
-.592963
2.440359
-.624631
-3.833233
.328645
1.824665
-1.090445
-2.229705
-3.541514
-.908589
1.566744
-1.632005
.145688
1.963446
-3.277354
-2.262979
-2.345701
4.632318
-5.158608
-1.410423
.882425
-2.502764
-1.54263 
2.544174
3.350061
4.848647
-1.623059
-2.02368 
-2.882565
3.2087  
1.068794
.226603
-4.465759
3.659366
2.854258
-1.625894
4.960203
-6.025838
-4.129893
1.625456
.636401
.640386
.824132
4.440068
5.552523
2.189606
5.602777
.524438
-2.378803
-5.017268
.809446
-5.89757 
-1.227721
-2.143443
2.79438 
-1.117124
2.503333
-2.996808
2.56964 
2.333106
.862861
2.136763
-.239826
3.789971
-2.310079
.479879
-2.805836
4.54    
.256655
-4.565391
-3.840153
4.338708
4.219915
-4.513044
-2.62934 
-.262485
-1.580026
.89493 
.604382
-.806369
2.18788 
-2.173719
1.864379
-1.284356
6.151567
5.267706
.324024
-4.081886
2.29287 
-4.093295
.23693 
.022724
.736604
4.043151
-5.544321
3.130441
8.33031 
1.833512
3.777729
.489561
2.708642
.932949
3.802531
2.47805 
1.490609
2.892423
-.221167
4.924136
1.658913
-2.573206
2.43156 
-1.976977
-5.632662
-5.228552
1.809005
-1.739481
2.019914
3.755109
1.62968 
.758108
3.707674
5.428674
-1.216883
-.376147
5.310362
-6.647444
1.335801
3.01656 
4.367973
.061999
3.341776
-.816433
-1.580553
-1.991836
-.971275
-3.278968
-.780539
2.972402
-1.524958
-4.535571
-.174895
-3.239441
-4.449164
-.403492
-1.042556
-1.475223
-4.435703
4.987214
-.546741
-5.5689  
-1.428179
-4.977572
-6.063991
-.757003
-1.678313
-1.24943 
.423306
-1.200594
-5.245584
-.687587
-.822617
1.19624 
2.540281
-5.230745
-1.825012
-1.905782
-3.825661
1.93489 
1.222944
5.328119
1.451475
-.712559
-2.731488
.941784
-6.034253
-.404086
-2.273548
-3.37625 
7.670091
-3.591208
-4.699981
-2.731017
-4.764018
-.549613
-.420163
-2.442123
.334312
-3.630776
-1.53388 
-1.884298
-4.38876 
-2.04195 
-2.241766
-3.540815
-1.844221
-1.957019
.527372
1.199929
1.456037
.140874
-1.119158
-4.479489
1.3187  
-4.359035
-.297104
.007741
-1.728152
-3.141221
.681631
1.871169
4.17579 
.675677
.492731
-2.093976
-1.3255  
9.426533
3.533933
-2.330996
-.858238
-.154287
-.421988
-2.999726
3.375613
-7.8429  
-1.001678
-2.283206
.130449
.43535 
3.684478
1.323818
4.388043
4.116693
8.635407
-8.327668
2.615869
-2.68135 
6.746176
-.43189 
.89961 
.569539
1.843001
-3.3826  
-3.105004
2.321357
-4.446632
.148013
-1.004503
-4.554469
-1.62532 
2.47786 
.621014
2.456916
-2.331824
3.831967
-1.489918
7.308032
9.313464
1.797491
-4.930788
2.031858
3.399148
1.068797
2.278899
.355789
-3.422691
-1.069927
2.339631
3.693445
-1.941649
.270545
2.064348
.026831
1.169092
1.339041
.93117 
-2.821347
-1.166802
.084736
4.394706
-.411722
-2.57875 
2.565111
.288601
-.314089
2.171835
-2.87459 
1.455159
-.027996
-1.058205
5.22706 
.97751 
1.768283
8.183646
-3.610599
1.719321
-3.968362
1.374827
.167598
.380032
-1.669767
-5.200114
.277298
-5.902321
-1.136975
-3.813653
1.099343
-3.777056
-4.148049
-5.234081
.696408
2.720027
1.120247
3.694256
-1.674136
-3.504607
.19826 
-2.476144
1.93562 
3.118945
2.446897
-4.782346
-5.733644
-.581012
1.72715 
-.751348
-5.18109 
-6.082476
-.400563
1.064479
.457283
-.241233
-3.070627
1.691508
-1.40991 
-1.134127
1.668586
3.483317
-2.66175 
-2.121055
7.110137
.637965
-.262669
.800023
3.427763
.72644 
-8.611195
-5.085476
-3.468923
.807424
3.633244
-3.801279
1.195715
-1.597602
5.342299
2.684646
-4.02413 
1.413522
-5.022563
-1.067786
4.798852
.568809
-1.739571
.476854
-1.005521
-2.314518
.157546
-.205289
-.677394
-1.384874
2.342636
6.646659
.616773
1.074761
1.986178
-3.499474
-2.861333
3.315431
4.039043
4.63202 
-2.801713
-6.52384 
7.773889
-4.113061
2.261953
1.598062
4.553837
2.616357
2.715305
3.00898 
1.129647
-3.412815
.483628
-3.226057
-.156373
.454233
.676314
4.654254
-.304967
4.271921
-1.965006
2.347251
-3.116181
.829286
-5.4111  
2.003933
-5.773098
-1.103427
-4.660653
-.204846
3.274003
-.147399
2.240709
-.396101
-3.178095
1.312544
.741971
-4.546312
-2.024044
2.883403
-.352867
.95866 
5.584488
-4.393725
.334682
4.261474
-1.752173
2.202199
2.480477
-.727795
-2.298381
6.039339
1.436073
-2.608865
5.207725
.455353
2.161419
-6.326428
-2.499336
.643519
-.714959
6.326922
6.774594
-2.452489
1.313731
2.716514
2.844503
-1.036967
-2.471557
.044484
-1.652367
-2.362826
-3.642853
-6.501423
2.478727
-6.195052
1.714085
.211988
3.092627
1.486539
-.589785
.280135
-1.069043
-.407386
-8.233171
2.908671
2.986834
-2.107866
2.037893
1.004153
6.895166
-2.692622
.090247
-1.581176
1.741033
-1.129834
1.812491
1.339005
-2.417682
-2.168899
-.909647
-3.089929
-2.1618  
-.096029
-5.373275
-4.531436
.70733 
-3.051647
3.412356
2.120773
-2.073431
-4.307996
-.979088
-1.605271
2.031054
-2.07596 
-2.168491
.642083
-1.203646
-.719569
.417858
-4.861258
-1.027404
-3.002977
1.289044
-.782498
-1.530137
.628087
-1.438761
-2.893609
2.728129
.371119
4.175187
.310969
.583869
-.335155
-.671336
2.020494
-1.613408
-.697235
-1.673072
-1.215238
3.834465
2.836907
-4.675139
-5.374319
1.426441
.478912
-5.270648
-2.748064
1.31436 
-.275862
2.899068
5.106392
-.925119
.484395
1.413963
-1.399938
-3.206898
6.07902 
-2.390292
.384345
-2.503102
-3.642361
2.947033
-2.456486
3.937572
-5.539988
.453751
-.485055
2.336164
.558445
-2.056078
2.233097
-.020122
-.450208
3.376267
.567165
-.832829
-2.359349
-1.758146
-.082554
-.086756
-.222764
-2.908409
-3.930747
-2.3858  
-.574715
-5.251278
-1.324913
3.061734
-2.796564
-.122327
-5.040005
-.662973
2.997137
3.379249
4.755758
-.263703
2.471457
-2.853095
-1.456303
4.512922
-.246965
3.076886
-3.330774
1.118298
6.820779
-3.843999
-4.549953
.168446
.893743
-.682303
2.595071
-.967127
.359406
2.391654
1.893141
.02189 
-.283444
5.138774
-1.317042
3.825804
-6.017775
.357554
1.239339
-2.886969
6.898425
1.273799
-2.017222
3.651746
5.592362
2.54495 
2.636666
-2.588664
.3273  
.000356
.597681
4.441758
1.172684
1.143732
2.094094
-2.608192
-7.668646
-3.808008
-5.114554
4.222324
2.544892
.722562
1.03176 
.232155
1.643619
.280697
-.887244
2.458138
.185294
.437219
5.697014
-3.477487
-2.874064
-3.219089
-.447695
1.833375
4.969509
-4.592829
-5.376367
3.171098
1.40409 
-4.45057 
-.759906
-2.682784
-1.20091 
1.803299
-3.011442
-.153628
7.165841
-2.994982
-2.367156
.43526 
-7.373386
-4.328382
3.392324
2.007971
-1.518291
-2.254641
-4.029257
-2.270964
.467954
-1.429716
.666501
2.543421
1.792265
3.607882
-4.528437
-5.641231
-.470911
.668758
.801444
-6.309491
-2.494111
-2.436736
-5.098321
1.052338
2.47707 
-.006617
-5.423401
5.046152
-1.482055
-7.900004
-1.651075
-3.151303
1.80221 
1.780974
-5.754647
4.841276
-.393536
-.550318
-.452865
.181413
.527825
.406374
-2.666776
-.498355
-.734142
-.847476
-3.388537
7.01893 
-6.977047
-1.650377
-1.557881
-.148627
-.593321
2.054765
1.716828
1.815147
1.586378
-.886256
-.451895
2.020576
-4.190807
1.50547 
-3.317195
3.041322
1.067941
-.483095
-1.960377
.337602
-1.454053
-2.582448
-.988064
-2.556547
.156151
.680671
-.083559
1.002829
.892359
1.965338
-.493008
-1.361572
-1.073247
1.316114
1.642977
-.456755
-.066160
-.787624
.612476
8.639527
.258528
.629029
1.686097
-2.127827
-2.744065
-.476269
-.860671
-.703702
-3.404722
-1.982505
-1.733403
-.579686
-.872604
-8.26612 
1.357882
-5.130087
2.464794
1.300457
-2.101889
2.370154
-1.347411
.576213
-1.422615
4.174732
-3.805561
1.386352
2.233121
-1.375803
3.516516
-.560994
-11.484325
-.492783
4.142896
-1.07377 
2.14781 
2.920143
1.726021
-.005408
-.783784
1.932867
-3.352642
-3.397278
-2.795477
.674279
-2.012807
-1.863881
-3.416286
-2.337908
-1.070523
1.263279
-5.151235
1.20137 
-2.454393
-.698864
.794674
.951005
-1.783043
1.973554
1.225831
-3.387013
2.863609
1.564505
2.0598  
-3.423855
-.41442 
-2.756311
-5.737944
3.510641
-.018750
-2.638155
.014342
-3.962356
-1.349173
4.092498
-1.06065 
5.16355 
-2.709552
1.390599
.333997
.297967
-8.916952
-1.405357
-2.301151
4.854224
2.298772
.629842
.110017
-.043349
-4.756413
-1.21315 
3.410877
-1.597536
.083442
1.024695
3.26746 
1.177123
-2.638824
.071358
-1.275734
-4.30067 
-1.588571
2.578671
.663709
-.424348
-.401534
-1.713573
-1.102303
5.377341
3.200591
-2.187646
-5.795335
.002350
-.173503
4.146455
4.943791
.504641
2.283292
-.342103
-1.480673
1.895816
-.363189
-2.601233
.179011
-3.406433
2.574157
-.899251
.815858
1.346197
.973338
-1.368728
-2.257103
-4.341163
-1.091134
4.704278
2.485027
-2.213653
2.967065
2.535577
-.607011
1.075771
2.606468
-.450334
.053712
-1.28098 
-5.042793
4.025119
-.355687
-3.802713
-.574603
1.241605
-1.323049
.443491
1.835257
1.970423
3.149827
1.996422
3.834939
-1.058738
.563885
-.433421
-1.12828 
2.30128 
-.689231
3.906955
3.491806
2.632188
5.549241
3.146261
-.980518
-1.820408
1.96817 
-.802044
3.309001
-2.139234
-1.033086
-1.912184
3.2354  
-2.687655
-2.268625
2.124266
-.576353
-2.678502
3.634551
.820464
3.205669
-4.680959
-1.919921
1.819959
1.000504
2.164065
.731812
.464291
3.439996
-2.608954
-3.999746
-.471755
-2.362759
-5.242049
4.557757
1.970921
4.014611
3.374247
-1.763102
4.805072
-2.770914
-.76453 
-.529316
5.765127
2.835256
-2.145758
1.389615
-3.362266
-2.281364
-1.836136
-1.272957
3.741536
2.371761
-.079220
-2.118022
-1.704815
-6.90246 
-2.146883
-.397774
-1.419074
-.58795 
1.974934
1.811266
5.249681
-3.53326 
2.246196
-2.373982
-1.099937
-1.625733
-1.69284 
1.315739
-2.962898
-.498929
4.39181 
-5.796186
-.415754
5.694527
-.532093
-1.262822
-1.767532
-1.661951
-4.342592
7.280211
-.464611
-2.395412
-3.194743
.630187
-6.893386
-.120812
-2.076315
6.224417
-.040364
2.296584
-.381644
-4.937805
1.711576
4.399077
-.3543  
-1.948089
.320398
1.772593
-6.315967
2.448932
3.963   
1.770733
1.686532
3.687079
1.63095 
.452962
-2.777521
-8.244649
3.816118
.925455
-1.010442
2.277972
2.189133
4.033697
1.51751 
-.605229
2.559808
-3.15712 
-3.050416
-2.496217
-2.508849
1.16812 
.126416
1.060985
-.523012
-4.093776
-.501249
.6005  
-.96132 
-2.489495
5.46326 
2.320552
.322684
2.030829
.368129
2.872243
-.827784
-.193105
-2.361457
4.8682  
3.269611
.167085
-1.11028 
2.01735 
-5.330935
1.971858
4.224256
.168098
1.713585
-1.301985
-.276055
5.723934
-3.344035
-.594191
-.832704
-1.182708
-.77549 
.639188
-2.467299
-.652683
-1.760341
-4.749591
3.234737
.939733
-4.788813
-1.706561
-.545564
5.057961
-.060453
-3.057498
.856212
-.918211
3.689802
.658562
-.388657
-3.541239
-1.972338
2.978152
1.706296
1.6477  
-.990386
-.897093
-6.166667
2.213826
.452446
1.604284
-.227869
.58659 
-2.099186
9.352167
-1.140117
-5.042555
-1.660368
.331958
-4.3136  
1.296502
-1.150195
2.616729
3.064416
-5.259707
2.44105 
-4.094908
-2.7469  
-3.430785
1.46308 
-2.136326
.062948
1.396816
-2.585363
-4.579759
1.829162
-3.994105
-3.119511
4.694553
1.546842
1.438876
2.86783 
-1.886689
.840073
-3.520533
-3.09499 
-3.203146
-2.512127
-.691826
-4.61268 
.955804
3.815239
-.219815
-1.260465
-4.693481
-1.826882
2.524763
-.102332
.283561
6.278896
-.738515
-5.914782
-4.671463
3.140461
-5.110486
2.978071
-2.775004
1.661889
-.134908
.079864
1.034413
5.072371
6.07609 
-2.913306
2.259282
-3.135483
2.07031 
2.52885 
3.406936
-1.092792
4.563706
6.467627
.732111
.001362
-3.201711
-3.883812
5.559175
.078737
-3.093295
-3.244384
-1.263794
-.62132 
4.431254
-3.337448
-.987065
4.283979
1.288854
-1.317989
-.260634
5.150593
1.809333
-1.176886
2.044349
-.843325
1.441189
3.236439
3.546689
-1.066128
-3.954024
-3.124239
1.934124
-1.30653 
6.568136
3.367026
-5.236597
-5.446299
5.663247
-4.908288
-.651443
.626074
-2.755824
-.825024
-6.414713
-3.911733
-.258349
-6.682009
-.018795
-.369686
1.78415 
-1.218664
.432586
-1.252613
-4.61156 
-.7049  
.025879
3.486331
4.317679
-2.204457
2.471928
-.29908 
2.62588 
6.381533
-.9459  
-.378396
5.295594
-1.700003
6.056404
-.890086
.239168
-1.905727
-1.78503 
2.458594
-.6073  
3.01825 
1.74439 
-.12467 
5.040279
-3.197873
2.086567
5.533021
.510631
-6.19338 
2.466952
.023057
-.952984
-3.216226
-1.563345
-1.302464
1.796052
1.750526
-3.139956
-1.341504
-3.202111
-.331039
1.493179
-1.61673 
.392265
.680588
-1.824827
6.321055
2.284144
-2.233854
2.847089
.863661
1.86598 
4.561057
3.526967
1.232214
.859961
-.20702 
-.123615
1.558056
-2.264167
-1.172862
-.711459
-1.350316
-5.276331
.28334 
.21486 
5.519137
8.105019
-.575669
-.342351
.699343
1.103255
-1.441108
-3.309616
5.448081
1.051646
-2.1845  
-1.177815
6.882213
-1.818927
.440321
5.012962
3.402584
1.034921
-3.94312 
-3.171026
.781395
-1.560007
4.493989
1.317367
-2.776812
3.684246
1.411988
-1.866828
-.029879
1.59099 
-3.637546
-1.950494
-.943184
-1.605016
-.759727
-.171247
-2.438597
3.242484
.8693  
-.026816
-1.817934
.151243
.053221
-2.221203
-1.70359 
-1.717674
-1.761917
-2.124987
-4.772433
.234085
2.961631
.077431
.139803
2.821304
-2.480778
2.113507
1.659514
-1.552248
-.641463
-3.890835
-.567013
-2.111073
-3.670259
3.562575
-3.495795
-1.111206
-3.180121
-2.219497
2.199155
-4.250555
2.232715
4.51204 
5.024417
1.901959
-4.130427
-2.111743
-1.945857
4.910613
2.918809
-2.616324
.361656
-1.194746
-.013942
.097356
-1.198197
-.928556
-.841018
.454904
-2.486214
3.359663
-2.836771
-1.417445
4.687892
-2.380102
-3.750408
1.365054
-6.206168
3.299797
4.13128 
-3.021118
-2.098106
-2.353456
7.19822 
2.307925
2.735972
1.894901
3.104458
1.134856
.984119
4.846544
-2.756536
2.87333 
-.972832
-5.056943
-2.042163
-.547845
2.616536
-1.780448
-1.096692
-2.156881
1.453578
-.518273
-2.330619
-1.271269
.324859
3.351289
1.074899
-2.15784 
.641464
2.016592
-3.588559
-6.072982
.68401 
-.134241
-1.291096
.204267
.973039
-.89312 
4.307555
-.378159
1.870813
-2.383783
-.612156
.203839
.483359
3.128216
3.801959
.851152
.406743
2.181046
2.260522
3.310978
2.376535
-7.3735  
-2.698187
2.728025
-.227324
1.394313
-2.926178
-1.867811
-1.671025
-4.185033
2.221522
2.495926
1.284866
1.059946
-3.532425
-.109929
4.408239
-1.313372
2.623272
3.782788
3.277131
1.778388
6.15488 
-.372179
-2.675887
.314053
3.067564
4.952177
-1.52635 
-2.15431 
-1.076188
2.533785
1.479313
-.821152
1.253013
-2.521656
3.339102
-.706037
-1.75783 
-4.337006
.214218
-5.065467
-.177946
-.476329
-3.174014
.657047
-.598857
-.102636
-4.474529
.953289
-2.185859
3.375601
2.922147
-.11049 
-2.699773
-2.819586
7.528068
-10.865733
2.23826 
-.220094
-2.532899
-.503982
4.701304
-.611118
2.628506
-6.050459
3.776179
1.350006
3.60185 
-2.014502
-3.646293
.527492
3.275031
.069165
-.991679
-5.317044
-4.23999 
1.238365
-5.919276
-3.108707
5.242615
-.080492
-2.449112
-2.132281
-.972454
2.000399
-5.129674
.349079
1.309616
4.51645 
-1.280269
2.917398
-5.671428
-.713268
5.981931
-4.096069
-1.168566
1.812942
1.605693
1.042846
6.023183
1.294156
-.527413
1.201799
.463001
-2.602638
-4.170838
5.513908
-4.41797 
.375236
-.338498
.228792
2.820965
5.271749
-1.767616
2.239728
1.399521
4.215232
3.875938
2.512921
-.715524
.028776
2.881899
1.802385
-1.280224
.627591
.460319
-5.610549
-1.108378
1.253346
1.757655
2.451041
-2.981804
.646272
3.098537
-1.265008
-2.099824
4.439611
-2.23188 
-2.343712
2.167764
-3.446187
-6.7701  
-.221861
3.174686
-6.028305
-1.874254
-.839152
.851487
-3.291273
-1.450604
-2.708637
.661652
-2.350745
-.776306
-2.517892
-2.204057
.464639
.581667
-1.258007
.917425
-.545489
-4.013686
.216022
2.24645 
-4.057967
4.46181 
.200556
1.526209
1.957859
-3.114727
7.178425
-1.224177
-.133515
-3.076815
-8.39531 
-.808197
-2.092567
-1.042336
-2.95347 
-6.651739
-1.425616
3.110886
3.299977
-.750054
-3.082044
1.809838
-3.821504
-1.7325  
2.032491
-3.51832 
1.06017 
-2.521837
-5.71707 
7.815152
-1.914661
2.125877
-.849431
.933951
.609036
2.780327
.8926  
.014807
-.554422
1.004297
-1.288041
1.902247
-.987515
-1.444164
-1.320576
-4.42309 
4.897829
-1.868607
-.28888 
-2.488879
.538316
.350879
2.293544
1.776499
-.529973
-2.957855
5.469198
7.406939
2.863027
.178574
.27428 
.12688 
1.176068
-3.374269
-2.117412
-.559623
1.50418 
3.014652
6.413531
-3.275159
-.366599
2.053235
1.188816
1.030287
-2.982368
2.808633
-2.846641
-1.189227
-4.874228
-1.466813
-1.920467
2.23892 
.691825
3.699791
-1.725276
-5.030248
-.791522
-3.736389
-5.242385
-3.080425
1.964277
5.805508
-.031703
1.172349
-1.160245
-6.973555
-2.859058
-.150976
3.151247
-1.661963
.427333
2.742508
-1.463059
3.421653
.607407
1.341703
-3.361622
-2.534227
3.267825
7.348244
-2.071792
.178594
-4.806839
3.318577
6.616935
2.002967
1.022154
2.720049
.607578
-2.646059
-3.697703
-.436272
-4.745771
2.265665
2.33276 
-2.714111
2.68544 
4.41351 
-3.752666
.048683
3.443999
1.70663 
3.917768
-5.607274
-2.301179
1.500687
2.054998
-.620238
3.433765
2.459483
5.133778
-4.638446
.366373
3.590846
2.250866
1.619455
1.187458
4.185219
1.473895
.050339
1.37246 
-2.150776
-.922833
2.864152
4.236768
-5.791043
1.607721
-1.767707
-4.418945
-4.095163
-3.156011
.466784
2.714775
1.702667
1.064296
1.110431
2.059218
1.136863
-4.322276
-4.232553
-6.209721
-2.124549
2.770621
-.136744
2.513437
5.872464
-1.118829
-1.238792
.887056
-3.022537
-1.770497
2.002524
3.074162
5.339977
5.809419
-.841198
1.235541
2.550931
-3.037111
5.823076
-2.514964
3.998761
1.089646
2.773363
.077761
-.352209
3.88361 
2.67908 
-.998309
-2.93235 
-.994384
-1.352339
-2.555849
-4.520442
-2.921254
-1.72516 
-4.730794
-1.224985
-.418666
-2.22346 
7.166388
4.235727
-1.116767
-1.334383
-.641127
-4.633061
-1.662288
2.524502
-3.146001
3.519769
1.173056
-1.454126
.029764
-4.964128
3.720297
-2.938261
.264352
3.526767
-6.05132 
-9.293936
.526442
-.087466
-3.049163
3.247443
-2.42544 
1.971557
2.067527
.512858
.891645
1.890374
-.419918
6.025871
-.922891
1.520848
-1.206813
-.5949  
-2.065887
2.996214
-6.074921
.599285
.397011
.023646
-.211895
.717177
-1.602413
-3.093436
-1.043257
-3.652474
.439835
-2.747581
2.118535
.886267
.574135
-.16157 
-2.272679
-.454212
4.168899
-3.024912
-4.203478
-1.80904 
2.528883
-.464935
-7.359447
.023043
1.027965
-1.907072
-2.239057
.164729
-2.957392
6.151269
-4.348987
-1.898265
2.507055
-.160805
7.021808
.951137
4.651037
-.072930
-1.046564
2.338707
-2.111362
3.73388 
-2.585339
-2.071368
2.187699
-1.384662
-2.343084
-1.620007
.797074
.172554
-6.191589
3.74355 
5.041884
.644502
3.143636
4.377455
.045530
2.707503
-.809138
2.474433
-6.780709
-1.505518
-.899348
.218071
1.548346
-1.50476 
1.97092 
.839946
-.78291 
2.087527
1.750179
-5.004612
-1.520538
.073804
-2.193867
2.455264
3.624806
3.402539
2.184032
-2.355444
-4.293355
.448831
3.669484
2.991831
-2.865258
-2.913955
-1.687229
-.869839
2.313195
-6.574755
-5.324343
-2.512891
-6.50906 
.678336
-1.966397
1.644949
-3.55296 
5.826046
3.106055
-2.870312
-1.204407
4.868536
.116997
.858688
-2.475075
.041769
2.468515
-4.242885
-.388739
1.850804
-3.68303 
-.142855
-2.771855
-4.114393
-2.141744
-.552709
-.901163
.247047
2.528703
-3.114529
-1.124327
1.251569
-.372437
2.052821
-4.443165
.17465 
-1.655504
-.38855 
-.463086
1.237813
-1.555846
-1.442658
-4.691761
1.370305
-2.650764
2.294841
-4.207788
-9.334221
.602528
.695509
-.233543
5.235349
2.863368
-4.349312
-1.267274
1.403113
6.347402
-10.203462
-1.840421
1.233127
.16814 
-2.140601
-2.277555
6.268155
-.210025
2.530121
-1.904116
-3.000745
.561551
.770853
-.965496
4.796948
.561927
4.646273
1.817512
3.320125
-.874535
-.107635
2.508978
2.765525
-6.132066
-.149822
.218651
-.685037
.511578
-2.472268
-1.433819
.618852
5.46982 
.958877
-2.493996
1.713189
1.06496 
2.255818
.629066
.642098
2.914395
-1.775775
2.107734
3.82408 
-4.801246
.720418
-7.049193
-2.657187
2.642976
7.321212
1.736983
1.581835
.668312
-.194403
.61162 
-3.290541
.823234
-.090876
-.197845
-1.940501
-6.286913
-7.549911
-4.314832
3.30418 
-7.970004
1.955868
5.854333
-1.057143
-1.633644
-.355724
.582075
4.54246 
-2.711275
-1.389533
4.622472
-4.599643
.782348
-3.69609 
3.300922
3.021031
-3.559832
.92517 
-3.644775
3.330774
3.003487
3.979864
.632836
6.357445
6.832851
-7.299634
.255621
.172677
-.764452
2.805433
2.037835
.308349
-1.321024
-1.975642
4.889086
-.242555
-.787466
-1.220411
.73515 
1.94952 
-.960821
4.140064
4.224976
-2.864681
-5.104245
.474957
-2.667871
1.925271
2.350084
-1.489003
1.995296
-1.76736 
4.602841
-4.038745
.381537
.16707 
.545033
-1.835568
-.701557
-2.848846
-.663149
-2.163756
.639341
-4.740804
-4.034038
9.26852 
-1.759732
.517512
.892586
.399344
-2.390779
-2.110178
-2.901971
5.446937
-.694941
-3.023215
5.808069
2.422925
.46802 
1.920007
-4.964823
4.506792
6.004179
-2.237693
-1.13828 
5.669833
3.950068
1.017388
.891793
-4.134469
.018703
-.591723
.712145
-2.662271
-1.86796 
-4.252656
3.427218
-4.686741
-1.323315
-.967053
4.065213
.280713
-.957693
-2.471862
-1.408776
-1.143931
-1.586249
-1.639264
-6.631139
.813965
.141194
2.678514
-2.003067
-2.85061 
-4.622519
.758272
-.229358
.37113 
.207397
-1.371696
-3.190705
-3.679173
2.070951
-1.030321
4.834742
1.250359
-.159396
5.442494
-1.885973
.802703
1.402785
1.329399
-6.708378
7.995181
-3.343878
1.162738
.582495
-2.737429
5.473573
-.896774
-1.332812
-1.311485
-3.122714
.186659
1.067995
-1.220422
.085797
.327937
1.157875
.639997
-5.251875
2.486356
-.774435
.197915
-1.074874
5.824871
-5.069385
-6.046285
-4.255644
-.041209
.300414
.246662
2.058469
.961683
-5.219595
.010986
1.951954
.182705
-.677635
.922726
-5.688703
-1.697088
4.7591  
-1.284634
-4.451819
-.943339
-.35847 
1.134564
-1.39177 
2.019749
-1.23686 
6.354533
.407518
4.239124
4.586762
2.224826
-2.761402
.053864
1.446476
-.348355
-2.718295
4.296799
-.894913
3.355557
-.204266
4.955364
.642012
4.631908
7.729327
-3.109732
3.183324
1.091404
.547037
-.206592
.493715
-1.051685
-1.592061
-1.178515
-5.236793
2.636026
-3.887376
.826699
-1.611229
2.073427
4.200766
.078052
.333453
-.307603
6.325178
-2.647578
3.56453 
2.75814 
-.156342
-2.783255
.049234
3.224844
-2.130033
3.489947
-.037600
.761727
2.619902
1.379898
3.125625
4.292607
2.559749
1.963558
.780523
-2.183049
5.751819
.205467
-5.050522
1.040969
1.330341
-5.168013
4.589525
.428748
-5.341341
2.356179
-1.595429
2.392386
-4.990044
-2.891711
-2.279182
.007042
-2.534969
-5.902805
-.756951
-1.504697
-2.094198
-.480909
-1.324217
-3.294291
2.217284
-1.609694
-.495799
-.094167
-1.060235
-2.169511
.763328
-7.287488
-.568986
-1.726242
1.299097
1.43662 
1.85582 
-5.230138
-.82888 
3.459585
1.551409
1.420537
-3.956932
3.618933
-.6713  
.171044
2.833705
.827439
-1.713197
5.525891
-1.667996
-.919559
8.791915
-2.184134
-2.300562
.404694
.877009
-4.658823
-1.729317
-4.30193 
-.830176
1.119105
2.222688
1.849885
-.918419
-7.757962
1.605446
-.417673
3.069267
-5.32975 
6.815522
-.714668
8.369083
2.555502
-5.821884
-3.869619
7.251347
.033083
-3.965441
6.769727
.133879
-.93941 
2.792425
-4.22451 
-1.083452
-.343159
3.957001
-2.718667
-1.888739
.47808 
-4.306534
-.463196
-2.02146 
1.53062 
2.652123
1.796249
4.897274
2.856944
-3.256231
-6.409666
.883111
3.441962
3.416576
-3.861907
1.880079
4.550102
-4.206887
-6.08747 
2.356381
-2.789498
-.766187
-1.993752
5.364679
3.180011
.652073
4.851061
-.961835
4.167196
-3.025642
.998895
3.928626
-1.652465
-2.681938
1.790775
.816361
1.11975 
1.890868
-3.291179
-5.918907
1.261883
-2.188108
-.058618
-3.323791
4.028212
1.762397
-.732335
1.762597
3.464986
.060430
-2.630844
1.533591
3.349668
-3.659401
-5.067434
-.090263
-2.036   
1.981503
-5.74172 
2.311602
2.7072  
.544393
3.75262 
-.081800
3.615092
-4.047278
2.7691  
-.482402
5.582891
-.489302
-1.758229
-.43977 
-1.486254
2.347054
-1.102054
2.372887
-4.869765
1.164824
-.016724
.480243
-1.303782
1.149994
.251865
1.807404
-7.137697
-3.152925
-1.390087
.936154
2.084052
-.94369 
.23307 
-.500835
2.060554
-1.569267
2.85978 
2.367826
.637179
-.161916
2.712554
-.531447
-.416913
2.721365
-5.930981
3.350334
-6.272655
3.836667
-.458895
-6.053195
-3.066964
1.469989
-2.029209
-.007443
.366433
-.508339
4.92472 
-3.564899
-2.51356 
-1.664212
-.454588
.710525
1.514219
-.118337
1.918922
3.677881
.98726 
-3.960054
2.092763
-2.069895
-.863421
-4.611103
.517867
-3.111635
1.053766
-6.719226
8.160702
3.023392
.412029
-.168882
1.618941
.418977
-4.62121 
-3.316446
-1.154754
.478039
-1.923066
2.823595
-2.921547
3.468648
-6.196255
-4.169009
-4.254564
-7.45008 
-7.368207
-4.760422
1.778883
-1.857143
.82595 
-3.010986
3.154766
2.286798
-3.331148
3.758528
.524473
.089385
4.853519
-.023920
1.270205
-1.029876
-4.105982
.183974
3.86627 
-.088639
-4.181457
.272959
-.809714
-2.580096
1.436673
-2.455772
1.953591
-2.418503
-5.521799
-1.287182
-.540889
-1.413955
-1.276433
-3.869528
3.611382
-2.649754
3.728487
-2.628682
-2.359207
-2.876381
-5.495076
-1.630082
-2.537273
-1.269903
-3.269694
-2.214348
-1.02089 
-5.895354
.831574
-2.1293  
3.936057
-4.083737
3.468788
.089691
8.365692
-6.108667
.551648
1.008823
-3.020619
-2.922149
.134932
-3.585058
-1.96891 
-4.748487
-1.762121
-4.286113
-.527364
-1.23994 
2.411636
-2.476028
3.932454
-2.555433
1.203699
-2.442007
-1.785808
-.151707
2.486541
1.009288
-.791554
2.036774
4.742123
-6.45447 
-2.324199
1.779518
-1.159201
3.60464 
-3.835052
-2.190466
.774158
-1.730318
3.084425
4.474659
-8.009057
-1.322296
1.942431
3.758145
-3.62884 
1.576094
-2.227826
-6.695254
4.689405
-1.446948
-1.029081
-4.722262
.913253
3.370894
-2.157011
5.354526
-1.233674
.099606
1.349819
4.568106
1.161701
-.55958 
2.271823
2.826685
-5.320449
2.180193
.096637
.958367
-2.999484
-.779174
-2.683756
.746071
-2.421371
.581571
2.195309
1.958531
1.679258
3.306113
-.198834
-4.867773
-1.772773
.007889
.358657
-1.071593
4.082749
4.443066
4.553199
-5.330742
-.161442
4.032405
5.77651 
-1.970712
-.508517
-1.217696
5.183923
-.841202
-2.260155
.85383 
2.984146
-7.596463
-3.064835
-.912643
-.40503 
-.354885
-3.294076
.494907
-2.805242
-1.74279 
2.073655
-2.286616
4.891539
1.767251
2.784906
1.103773
5.948129
-.66842 
-2.113556
3.286555
-4.218042
-.200804
2.542427
-2.959216
5.841304
-5.677582
-2.523106
-3.009228
-3.370152
-1.551771
2.707077
.040375
3.399227
-1.232726
-1.087273
4.209955
-.325931
-1.455254
-.068765
-2.922988
.318466
1.531474
.243131
2.615041
-2.150211
.040119
.819445
-1.583705
-.608336
-6.933746
-.945349
3.204127
-.525544
1.573396
-1.695394
.212809
-4.979951
.619872
.918563
-4.295723
.935233
5.112725
4.670402
-4.509645
-4.014593
-.76122 
-1.351972
-5.28968 
4.090731
-1.049062
-3.456477
2.935451
1.522863
6.355355
3.019139
-3.106249
.570654
.147166
.976452
-2.644065
-5.437274
1.576109
-3.178274
-2.5452  
-1.526862
-.228734
.233308
1.513304
-2.89958 
3.850987
-2.096397
4.499751
-.937871
.002429
-1.737297
.882605
-4.684237
.512234
.664296
-2.756199
.911275
-.336746
-2.409756
-3.006198
.557896
3.113168
-.447004
2.940276
-2.316977
-2.626015
-.34236 
4.59478 
1.204821
1.811796
-2.45494 
.990585
-1.334705
1.929004
4.840679
-2.623506
-1.733377
3.087601
-3.431247
-5.199277
1.441258
.289057
-.357341
-1.898615
2.468419
-.064860
-.073283
.555468
1.359278
3.344207
-3.329631
-1.769101
3.340033
-.452507
3.964918
.440327
-7.435304
2.698176
1.616981
7.530889
-.921696
-1.708364
-1.745598
1.036123
-2.868305
1.229823
-4.049121
1.050477
1.922547
7.439094
1.883114
4.450853
1.952389
-2.685826
-1.553858
1.27264 
3.117676
-4.404404
5.213336
-1.455083
-2.089695
2.775597
-.807408
-7.478181
5.7072  
.538988
-6.21978 
4.960655
.948153
3.465316
2.436751
1.092562
-1.340944
3.460535
4.70822 
.877991
-3.193381
-.508075
-2.183612
6.392933
2.449286
-3.538375
.684057
4.275969
-1.313128
1.331572
.970694
-4.173529
-4.415505
-1.750719
-2.533772
-.161415
4.503937
-3.77725 
-.977245
-.634861
.847203
2.113449
4.194478
-2.473379
.274558
-.506034
-1.062293
1.182839
.655875
3.818893
-3.876005
-.895173
.228726
2.464583
1.433601
-3.161175
.517042
-3.071858
1.859947
.912783
-4.344588
-1.259004
-1.244736
-.774938
2.696103
.241585
3.631432
-4.836744
-3.658079
.971112
.74121 
-.684059
-1.77908 
-6.304574
-.481937
-2.494964
5.48705 
-1.399914
1.402353
.801895
3.168722
.715894
-2.739913
-.802539
-3.642672
1.213684
-1.114177
-1.355216
2.320645
3.036633
2.992584
4.125811
-1.795534
.112232
-1.575212
3.274799
.045551
-.200566
6.344444
1.9294  
.014266
-4.635924
4.895811
.052030
-1.73984 
2.190032
-1.579938
4.256582
-.061704
.565076
3.744318
-1.693827
.909281
-1.483329
1.663318
2.003841
-1.928485
4.355856
3.325825
4.431915
-.2778  
-1.68623 
.522309
4.144231
.006273
-.148883
1.046273
-1.057152
-4.038114
-.464207
-5.121654
-.166386
-2.945748
-.572429
-.344296
.989794
-2.786629
3.345433
-2.207797
-1.938867
-1.383016
2.558977
4.030035
3.233146
-5.710485
-6.288018
4.174859
-5.929863
-.369191
.654253
4.203101
2.576388
2.823534
1.778201
1.843506
1.761833
5.691604
-4.581036
1.800111
.551066
2.650373
2.715915
.218156
.898071
1.883854
2.604828
-6.944449
3.806507
4.498004
-.968915
3.996858
-5.484984
1.710925
.710117
4.768982
2.162966
-3.332233
-1.209557
-1.511338
7.539039
-4.326089
-7.053902
.69047 
1.053486
2.249114
.377047
-.288055
.290264
.438477
-3.779729
-3.474833
3.744509
1.428797
-1.656734
-.694138
3.353557
-1.872425
.847681
1.270208
1.00707 
.706685
-5.71465 
-5.998853
.557868
-1.125578
-2.309957
4.836707
-2.189585
-4.651664
.006000
.930235
3.787678
-4.710412
3.742762
-.326887
2.778646
2.301378
.837493
-.960563
.128104
-.190899
-.790874
.876298
-2.580909
.402607
5.792699
-2.550224
-.93683 
1.456362
-5.544449
-4.500928
3.162477
-2.282215
.826443
2.126154
-.641752
.441116
-.715629
1.812938
-6.114692
2.538545
-7.625361
-2.572611
1.880667
-1.507091
-1.143931
7.278284
.299405
1.225496
3.159259
.763878
1.334348
2.759184
-1.747277
.928371
-1.73286 
6.745514
-.844673
.662179
1.862318
1.746005
1.451037
-1.982193
5.669319
2.149268
.056999
-.162963
1.348777
-2.549359
-2.017226
6.406394
.004432
5.195437
-.106926
3.56667 
-1.091719
2.56335 
3.317422
-.626086
-1.694713
3.46392 
-1.980498
-4.261538
-.755352
.261231
2.052221
-1.216874
.979119
-1.297406
2.662309
-.60393 
2.544974
1.031368
-2.203915
.651044
-.708253
-.406598
1.507183
-1.573428
2.00938 
-1.467961
.788301
-.175227
-2.113181
-1.193131
1.564757
-1.147071
-3.643846
-2.396287
1.174805
2.1127  
-2.636536
-2.144239
.684323
1.145551
-3.360253
4.794818
-2.439232
.5656  
.535389
-.155275
-3.24994 
.954196
-1.671313
-1.063438
4.087816
-2.626297
-3.528171
-.734641
3.744085
2.289076
.450159
-1.768523
-4.035184
.456747
5.755105
-4.657678
-1.286823
1.010548
-1.867674
-2.425957
-1.072725
-.42136 
.452365
-3.433726
7.601493
-2.933932
.147075
-5.019461
2.590923
1.998758
.379614
-2.768571
-1.631151
2.308798
-.176669
.377142
5.702305
-2.086716
-.161289
-.976766
-2.482426
6.826691
-1.518234
1.27348 
-3.469081
-1.657279
1.509193
-2.735835
4.104285
-.824015
-.165806
3.057909
.984069
2.676061
2.722824
5.747927
-2.407792
-2.403702
2.065134
-2.265026
-.27455 
3.509593
-.797484
-2.651421
1.570691
-1.508912
-.022767
1.476688
1.104448
2.30625 
2.052857
2.943465
-.077384
4.790254
3.798905
.289252
-1.9962  
1.750839
.99393 
2.732443
.993957
5.848981
-1.395618
-.7231  
1.750267
2.178211
1.141028
5.275421
-1.286   
-4.605487
-4.575359
.800319
-7.148729
-1.277482
-.746204
4.685315
4.628432
-5.210042
.122023
-1.25817 
1.541375
2.226168
.850866
1.378435
-1.494938
.897447
-3.008472
-1.042604
1.949162
-2.691421
.606363
2.005652
-1.094168
-3.63667 
1.541123
2.675444
-1.82184 
-2.040719
1.04911 
-1.102201
1.849516
-.404501
-2.203563
1.016005
.104599
-.231708
2.997178
.166619
-3.060808
-5.490084
2.621441
-4.238807
1.371716
.047713
-2.314938
6.853442
2.942679
1.842778
2.662737
-2.152519
2.764443
2.183162
2.707516
.112862
5.476415
.100276
-6.63461 
.116762
-1.278167
.970704
3.235647
2.956115
6.601047
-4.293255
-1.532441
-4.478657
-2.50279 
-2.006822
-2.003375
-.536169
2.7416  
-5.011396
3.057658
1.47368 
-1.387357
4.761551
-1.356374
-1.697058
-.548708
2.058822
2.759867
-1.997136
5.024907
-4.968136
-3.142304
4.299461
6.559592
-1.714931
.663183
2.850186
-3.562317
3.341311
3.226675
2.107496
-.772242
-4.027749
2.90993 
2.527336
.449533
-1.559279
.044869
-.364642
1.826262
-5.105428
.62453 
-6.510078
-2.819975
2.88945 
2.838213
-1.298115
-4.504466
-5.939154
1.25015 
-.722413
-6.369691
-1.52846 
-4.271831
-1.200136
-.225182
-7.295688
-.097856
-6.227397
-1.344769
-.781332
-1.804585
-1.862498
-1.226083
2.03548 
4.199061
7.112943
1.50113 
-2.061895
2.541995
.092085
12.113009
-6.027148
-.048834
-.154075
2.855747
5.57134 
2.703333
-2.274928
-2.682116
1.372064
.174932
.811294
2.071444
.123565
-.226512
.14756 
4.663935
1.611145
-.659517
1.173538
-1.901942
-1.307801
.067028
1.758352
4.166164
-2.395983
2.442259
-2.778148
1.654041
.306756
1.687633
-5.100454
-.345407
.092261
-4.809731
-.810488
-5.061552
-1.130526
-2.518847
-2.213738
2.536379
-4.983045
-.263448
3.766141
1.284753
3.614476
.366484
1.974245
-1.425391
-.140803
3.395151
1.887794
.96047 
1.407442
1.829346
5.507853
1.904172
-2.395102
3.811979
1.100007
-2.495771
-3.01033 
-2.614523
-6.886415
-4.6388  
-2.708733
4.752141
-.572466
-3.72568 
-4.241786
.24951 
-2.231962
-2.661953
4.206665
-1.919321
-1.006397
-1.562839
2.17779 
2.523271
-.346775
.030630
6.979657
.262077
1.174832
-.341931
-3.651892
-.555317
-4.489573
-3.914187
1.001982
4.411769
.325001
-1.965154
-4.588249
4.177422
-3.431845
-.181493
2.137807
.205204
-.38102 
2.168378
.283299
-5.013219
.862056
-5.492532
-2.925015
.72739 
-3.151102
4.291773
-1.408079
-.244167
1.129027
-.828481
-.141878
.249623
.894245
-5.9083  
-5.669585
-1.988053
-.026158
.789   
-2.431761
1.096298
-.196183
.166542
-7.24043 
1.465463
-7.070282
-3.527405
4.605822
1.671373
-1.785431
-.897953
.091674
.893559
-1.667674
.299575
-4.168022
1.118108
4.667562
-1.10216 
-2.364989
-2.030876
3.95211 
-5.868309
.733247
.780362
-.537628
3.575498
2.954001
-1.305989
-1.222648
-.745506
-.011132
-1.10632 
2.22498 
-.895091
-1.504307
-.610373
.300877
7.849028
-.967244
-2.758999
.681986
-.292819
-4.964681
-1.232528
-4.016859
-.76083 
-3.1787  
-2.245974
1.071403
-1.418073
3.999841
7.772595
1.212903
2.065152
-.702473
5.217091
-5.904523
-.120403
-2.680823
-1.617679
4.976726
-2.84436 
-2.616192
3.355063
1.153286
-.875114
2.776136
-3.645752
-1.136606
-2.456612
1.544501
2.190139
-.832207
5.6292  
1.952514
-6.306845
1.036704
-1.798476
-6.991992
1.997856
-7.375636
2.986941
1.496448
.994925
1.6188  
-6.973707
4.256369
4.299796
-3.133215
-.305014
.80493 
.777911
2.582936
-.924973
3.465099
1.344781
6.035704
2.728392
-2.300858
-2.412591
-3.861031
1.492588
-2.416305
-.55164 
.751975
.895996
-4.118604
1.229172
2.839944
-4.618577
-2.693448
-5.379459
-.076316
-4.493128
-5.454003
.347322
.218824
-.569278
3.91472 
1.232441
6.367658
.663081
-.388887
.082563
-2.601674
-1.022164
.385038
-.337598
-5.188513
-4.101716
3.279331
2.070549
-.123794
2.350294
-4.253244
2.125412
-.368415
2.880741
-1.66439 
-.113489
2.533304
2.111123
-3.474011
2.100752
-3.555053
.456892
3.037261
-1.877038
2.044894
1.23688 
-1.173908
5.629702
2.176863
1.836415
.549799
5.008423
-1.269963
-8.560094
-3.324206
-1.027575
-3.957114
-3.372071
-2.75071 
-4.645176
1.476971
1.637212
-2.374516
.330483
-.940321
-.899928
-1.092764
-.580046
2.085696
-1.492282
-1.742472
-5.347415
-3.250121
2.578455
-1.281508
-6.651848
1.284469
-.660691
-2.028538
3.477163
.396966
2.261335
2.636428
.599831
-.154742
.4654  
3.727193
.555549
-3.310931
-5.022315
2.747267
.426945
-1.146352
-1.908144
-3.686606
3.53508 
-3.242051
-.545943
1.032198
-2.080091
.339632
3.107686
2.950899
-3.621008
3.120944
6.467461
.596355
-1.629936
.409242
.536273
1.802438
.094165
-1.796616
-3.097755
1.416332
-4.397961
.539805
-.743386
.451988
.239468
-2.959552
-.455159
4.126914
.573211
4.164596
-5.324183
1.400516
3.398636
5.359759
1.428824
-3.974467
-.439875
-.319447
.479583
.744393
3.457748
4.590985
3.771222
-2.147098
.83    
2.975727
3.503232
2.709813
.360461
-1.967306
4.086058
.5213  
2.390414
-3.896272
5.518302
-3.524825
-1.558473
4.032018
1.973613
4.93365 
-2.452011
2.091607
-1.438375
-1.561479
.940686
4.505369
1.677883
1.295175
2.896743
.354125
-1.715637
-.314688
-1.818386
-.046036
3.583406
3.430395
-4.976146
-1.37687 
2.88809 
-2.840929
3.536341
2.692919
2.437424
3.856586
-2.049798
1.484238
.598831
-1.066199
2.434881
2.463452
.382142
2.455349
-1.682628
.093492
-2.401107
-1.33406 
1.822682
-1.445915
.692837
.254986
-3.199388
-1.551341
.49499 
-2.225888
-2.405784
3.924628
-3.684884
-2.160205
-.354003
1.828996
4.364722
-2.592759
.925318
-1.505118
4.371831
-2.268726
2.323579
-3.680168
4.695676
-2.996123
1.186   
-4.251012
-2.505523
-3.589687
1.015261
-2.706438
1.441923
-1.98412 
1.149464
2.418655
-3.338408
-1.345469
1.475854
-1.889755
-5.783005
-1.630569
.118709
-.484927
-1.224764
8.207542
-1.528233
-.233423
-3.855168
-3.191409
-.373746
1.370964
10.531375
3.741215
1.7249  
-6.729182
1.837501
4.100961
-1.971978
-4.385422
1.104018
5.368898
4.302145
-1.43292 
2.142164
2.54424 
2.861125
-4.961229
2.636743
-1.523863
1.733706
-1.532623
-3.399591
-1.738606
-2.112445
1.055201
2.125668
-.642733
-2.823223
-1.721575
4.009983
-1.188319
-1.421289
2.438549
-.399715
.567642
-4.336   
.691501
-.806348
-4.126968
-1.856336
-3.421092
1.7384  
.406898
1.022416
-3.637678
4.354463
1.752686
-.562532
-.104459
-5.081701
-4.654341
-2.144835
-5.595531
1.408018
1.024575
-.1567  
.055115
-6.245921
4.121143
-.765895
2.617296
.344556
3.891152
3.556829
-.30764 
-4.619594
.539421
.827925
.691061
-.036745
-.992595
-.320007
-1.398004
-2.742906
3.875816
.77252 
1.54687 
.48524 
-1.973245
-.649921
-5.087216
.583399
-2.334561
-.052580
-.211394
-.591761
.276642
-2.11246 
-3.100328
-1.777382
3.802027
2.078183
-3.560213
1.049349
2.137372
.797108
-1.033123
-.601212
2.244995
2.354367
2.081955
-.449888
-3.988313
2.170972
-1.520318
-1.383622
-3.987549
2.496806
1.846421
5.710868
4.799654
2.810314
-.520011
-3.119656
1.511746
-1.262784
.955609
1.53928 
-.388124
1.113188
2.80175 
5.291862
-1.312971
-1.919741
1.59052 
.3874  
-2.0077  
4.868192
-9.183119
-3.482176
.976383
-.025575
-5.840718
6.036335
2.041135
2.591423
.704115
1.470882
3.579399
-1.468363
3.043715
-.39534 
-3.112728
-3.097145
-4.077093
.762914
-1.618807
1.078785
-.349451
-.672271
3.361136
-2.011925
1.364782
2.571247
1.44706 
.873033
2.283805
-1.062008
-3.080707
4.835168
1.420767
-.738672
-1.480622
-2.119721
-1.113352
2.849566
1.420978
.188544
1.664162
-.488223
4.358248
2.936072
1.360906
-2.210083
1.357781
1.853193
-4.133562
.772493
-.636543
-1.717484
.500635
-.473224
1.516689
1.575906
-1.430108
1.641114
2.817588
-1.088448
-2.894267
-5.543655
2.019154
2.555768
-1.855895
-4.155724
5.376387
3.917182
-4.465999
-5.168597
.4915  
6.251866
1.276227
.908534
-.723167
2.269664
1.529271
-1.694308
.216646
.784803
2.805912
4.588124
-1.047968
-2.244138
2.566529
7.136755
1.281125
-1.532332
2.355455
1.073159
-4.800297
-3.529886
.470064
1.320069
3.87484 
-6.406421
-2.68656 
.461776
.290911
4.778858
-3.021139
.803026
-1.024049
-2.450813
-.553344
2.185854
4.390346
2.73767 
-3.738284
3.625199
-1.386771
7.533032
.233303
-2.131791
1.629751
-1.86903 
-1.491281
3.236909
-1.158567
1.026059
-2.061243
1.168671
-2.615423
-.497093
-7.457044
.183189
-.575268
1.307091
-3.088948
2.506277
-5.451179
.281437
1.988551
8.061205
.023270
.771226
-.146073
2.483157
-1.893988
-5.052086
6.186577
4.147095
.774407
1.188114
1.885684
-.917743
-1.974876
-3.636629
.072420
.204835
2.575393
-1.137363
4.923839
.579567
-4.188225
1.281927
-.459397
2.157109
.246963
-1.07717 
1.441518
.291859
-4.463385
-3.659813
-2.026786
-2.072572
2.950161
1.057744
-.835271
.345209
3.039026
-6.733939
-1.719916
-1.024869
-.340359
-2.404866
5.462354
.597255
-.996431
.668238
2.608394
3.002973
1.983678
-5.597957
-.350287
-.629286
4.245044
-3.146052
-1.944867
-2.300695
3.814647
-.601109
1.572158
3.637705
-.094009
1.206261
-2.595712
-.441356
-1.016581
-1.498893
-2.51754 
-.184055
-.803191
1.365157
-.604612
-1.298429
-1.122211
1.432919
3.470452
-6.07402 
-.038445
-.91654 
5.795949
4.318333
2.400221
-.655879
.749986
1.223845
.766011
-.2106  
4.309283
2.500867
